val1;val2;result
0;0;0
0;1;1
1;1;2
1;1;2
2;2;4
2;1;3
3;3;6
3;1;4
4;4;8
4;1;5
5;5;10
5;1;6
6;6;12
6;1;7
7;7;14
7;1;8
8;8;16
8;1;9
9;9;18
9;1;10
10;10;20
10;1;11
11;11;22
11;1;12
12;12;24
12;1;13
13;13;26
13;1;14
14;14;28
14;1;15
15;15;30
15;1;16
16;16;32
16;1;17
17;17;34
17;1;18
18;18;36
18;1;19
19;19;38
19;1;20
20;20;40
20;1;21
21;21;42
21;1;22
22;22;44
22;1;23
23;23;46
23;1;24
24;24;48
24;1;25
25;25;50
25;1;26
26;26;52
26;1;27
27;27;54
27;1;28
28;28;56
28;1;29
29;29;58
29;1;30
30;30;60
30;1;31
31;31;62
31;1;32
32;32;64
32;1;33
33;33;66
33;1;34
34;34;68
34;1;35
35;35;70
35;1;36
36;36;72
36;1;37
37;37;74
37;1;38
38;38;76
38;1;39
39;39;78
39;1;40
40;40;80
40;1;41
41;41;82
41;1;42
42;42;84
42;1;43
43;43;86
43;1;44
44;44;88
44;1;45
45;45;90
45;1;46
46;46;92
46;1;47
47;47;94
47;1;48
48;48;96
48;1;49
49;49;98
49;1;50
50;50;100
50;1;51
51;51;102
51;1;52
52;52;104
52;1;53
53;53;106
53;1;54
54;54;108
54;1;55
55;55;110
55;1;56
56;56;112
56;1;57
57;57;114
57;1;58
58;58;116
58;1;59
59;59;118
59;1;60
60;60;120
60;1;61
61;61;122
61;1;62
62;62;124
62;1;63
63;63;126
63;1;64
64;64;128
64;1;65
65;65;130
65;1;66
66;66;132
66;1;67
67;67;134
67;1;68
68;68;136
68;1;69
69;69;138
69;1;70
70;70;140
70;1;71
71;71;142
71;1;72
72;72;144
72;1;73
73;73;146
73;1;74
74;74;148
74;1;75
75;75;150
75;1;76
76;76;152
76;1;77
77;77;154
77;1;78
78;78;156
78;1;79
79;79;158
79;1;80
80;80;160
80;1;81
81;81;162
81;1;82
82;82;164
82;1;83
83;83;166
83;1;84
84;84;168
84;1;85
85;85;170
85;1;86
86;86;172
86;1;87
87;87;174
87;1;88
88;88;176
88;1;89
89;89;178
89;1;90
90;90;180
90;1;91
91;91;182
91;1;92
92;92;184
92;1;93
93;93;186
93;1;94
94;94;188
94;1;95
95;95;190
95;1;96
96;96;192
96;1;97
97;97;194
97;1;98
98;98;196
98;1;99
99;99;198
99;1;100
100;100;200
100;1;101
101;101;202
101;1;102
102;102;204
102;1;103
103;103;206
103;1;104
104;104;208
104;1;105
105;105;210
105;1;106
106;106;212
106;1;107
107;107;214
107;1;108
108;108;216
108;1;109
109;109;218
109;1;110
110;110;220
110;1;111
111;111;222
111;1;112
112;112;224
112;1;113
113;113;226
113;1;114
114;114;228
114;1;115
115;115;230
115;1;116
116;116;232
116;1;117
117;117;234
117;1;118
118;118;236
118;1;119
119;119;238
119;1;120
120;120;240
120;1;121
121;121;242
121;1;122
122;122;244
122;1;123
123;123;246
123;1;124
124;124;248
124;1;125
125;125;250
125;1;126
126;126;252
126;1;127
127;127;254
127;1;128
128;128;256
128;1;129
129;129;258
129;1;130
130;130;260
130;1;131
131;131;262
131;1;132
132;132;264
132;1;133
133;133;266
133;1;134
134;134;268
134;1;135
135;135;270
135;1;136
136;136;272
136;1;137
137;137;274
137;1;138
138;138;276
138;1;139
139;139;278
139;1;140
140;140;280
140;1;141
141;141;282
141;1;142
142;142;284
142;1;143
143;143;286
143;1;144
144;144;288
144;1;145
145;145;290
145;1;146
146;146;292
146;1;147
147;147;294
147;1;148
148;148;296
148;1;149
149;149;298
149;1;150
150;150;300
150;1;151
151;151;302
151;1;152
152;152;304
152;1;153
153;153;306
153;1;154
154;154;308
154;1;155
155;155;310
155;1;156
156;156;312
156;1;157
157;157;314
157;1;158
158;158;316
158;1;159
159;159;318
159;1;160
160;160;320
160;1;161
161;161;322
161;1;162
162;162;324
162;1;163
163;163;326
163;1;164
164;164;328
164;1;165
165;165;330
165;1;166
166;166;332
166;1;167
167;167;334
167;1;168
168;168;336
168;1;169
169;169;338
169;1;170
170;170;340
170;1;171
171;171;342
171;1;172
172;172;344
172;1;173
173;173;346
173;1;174
174;174;348
174;1;175
175;175;350
175;1;176
176;176;352
176;1;177
177;177;354
177;1;178
178;178;356
178;1;179
179;179;358
179;1;180
180;180;360
180;1;181
181;181;362
181;1;182
182;182;364
182;1;183
183;183;366
183;1;184
184;184;368
184;1;185
185;185;370
185;1;186
186;186;372
186;1;187
187;187;374
187;1;188
188;188;376
188;1;189
189;189;378
189;1;190
190;190;380
190;1;191
191;191;382
191;1;192
192;192;384
192;1;193
193;193;386
193;1;194
194;194;388
194;1;195
195;195;390
195;1;196
196;196;392
196;1;197
197;197;394
197;1;198
198;198;396
198;1;199
199;199;398
199;1;200
14622;29689;44311
13023;17477;30500
11377;36171;47548
530;33922;34452
8827;25455;34282
11392;39768;51160
45;25643;25688
11000;32893;43893
1019;35050;36069
1291;21711;23002
1324;26860;28184
9629;17673;27302
7880;21323;29203
7818;23924;31742
9083;16741;25824
1399;39379;40778
9439;27508;36947
3034;37005;40039
7811;37542;45353
8763;37985;46748
8413;31301;39714
403;32054;32457
6822;26414;33236
10609;31920;42529
13269;34927;48196
8971;27187;36158
205;34884;35089
10235;39560;49795
9629;37323;46952
2467;15985;18452
11279;37932;49211
6066;16628;22694
1842;25243;27085
11358;24062;35420
8241;26034;34275
8770;26938;35708
8668;17036;25704
8346;36570;44916
10687;16987;27674
4756;36483;41239
5380;17813;23193
3739;34059;37798
10809;19474;30283
2018;24511;26529
5441;30361;35802
7886;27916;35802
11404;15716;27120
6913;23443;30356
6194;24638;30832
7928;19859;27787
10808;24463;35271
6525;21205;27730
12848;22360;35208
2695;23137;25832
5938;23735;29673
13324;20904;34228
11359;28558;39917
12933;19825;32758
7379;36943;44322
3816;21838;25654
13936;15288;29224
2109;25545;27654
8421;31542;39963
4874;19111;23985
10029;17249;27278
2063;16154;18217
659;18597;19256
2009;15002;17011
12083;18053;30136
3565;20585;24150
935;36441;37376
2345;17530;19875
12005;32227;44232
13535;16420;29955
3604;16878;20482
3761;34744;38505
5681;24870;30551
4732;18816;23548
6299;30937;37236
5385;18091;23476
11870;32637;44507
4844;26034;30878
11679;39396;51075
7902;19700;27602
3615;39952;43567
8578;20059;28637
11876;24139;36015
5706;34814;40520
7570;21760;29330
7722;21995;29717
1388;17331;18719
1263;39363;40626
10617;22574;33191
7873;28816;36689
7109;18424;25533
2057;18845;20902
14913;26106;41019
3958;32738;36696
2201;36798;38999
12279;33093;45372
6229;20288;26517
5134;31801;36935
703;36976;37679
8518;36957;45475
11046;33324;44370
13625;16795;30420
1525;22332;23857
4172;19427;23599
8278;17108;25386
10625;31980;42605
13469;28014;41483
9904;29033;38937
11361;39242;50603
9757;30879;40636
4146;31166;35312
12626;24733;37359
14642;26653;41295
14032;23083;37115
14734;15604;30338
12868;28246;41114
14879;20299;35178
14014;39107;53121
1252;16453;17705
7969;33096;41065
1941;33331;35272
6714;33378;40092
8861;28083;36944
13158;21962;35120
8161;22007;30168
6197;25042;31239
6988;29103;36091
11347;29148;40495
9594;39730;49324
6869;15674;22543
5759;33303;39062
11361;16661;28022
2806;19958;22764
2827;21855;24682
4487;23499;27986
4318;16177;20495
11613;37635;49248
10823;16844;27667
1323;24829;26152
8404;27804;36208
6178;38956;45134
565;25400;25965
6733;38887;45620
3935;29578;33513
12652;38858;51510
12760;29128;41888
1904;38841;40745
2768;20396;23164
12101;29518;41619
12099;15017;27116
11523;21587;33110
2623;17103;19726
6534;16583;23117
2403;35460;37863
10188;39237;49425
7615;39209;46824
10554;21972;32526
9698;34165;43863
5266;17008;22274
9759;24804;34563
11613;23532;35145
14791;25578;40369
5311;39953;45264
10963;24503;35466
6332;17476;23808
8366;15617;23983
1098;15458;16556
9062;25178;34240
5553;37382;42935
6858;18858;25716
13686;26888;40574
5281;19540;24821
1389;29355;30744
13537;22541;36078
13658;39170;52828
3917;36177;40094
4353;39787;44140
1839;19700;21539
5414;20352;25766
10139;22956;33095
1877;25138;27015
6930;37650;44580
7672;17676;25348
4805;31450;36255
4172;32171;36343
14910;37015;51925
5703;28738;34441
1221;39463;40684
13766;20934;34700
631;26177;26808
6869;25817;32686
9051;36442;45493
10842;15476;26318
4038;19244;23282
4342;29278;33620
12871;29207;42078
9734;36973;46707
1795;31675;33470
552;31479;32031
10287;36641;46928
6196;38969;45165
1309;15932;17241
11911;32989;44900
3063;32662;35725
7416;22404;29820
9221;17602;26823
2498;25699;28197
6919;29213;36132
8084;33552;41636
9740;35475;45215
5239;32534;37773
9042;32346;41388
5088;35587;40675
1007;30145;31152
5357;36667;42024
11564;21125;32689
8029;31620;39649
4983;15262;20245
5856;33619;39475
977;15862;16839
10815;26119;36934
886;30790;31676
13910;19332;33242
14559;39095;53654
14776;26917;41693
2631;29020;31651
6891;23724;30615
1999;26140;28139
4295;25853;30148
1757;19145;20902
9902;29464;39366
732;31907;32639
12620;35429;48049
11902;34651;46553
9853;18273;28126
8682;37381;46063
7175;17260;24435
7553;32809;40362
3777;22950;26727
7982;35835;43817
5377;27665;33042
14946;33363;48309
3432;15757;19189
11713;31039;42752
8648;37870;46518
8304;32110;40414
11566;31664;43230
3720;36362;40082
12897;32207;45104
11138;34269;45407
11645;26376;38021
11697;24387;36084
14421;20401;34822
4148;32713;36861
4234;19462;23696
2652;38063;40715
4975;37956;42931
250;31094;31344
1870;21809;23679
1928;30500;32428
13592;32263;45855
10988;22798;33786
3757;20136;23893
1123;37669;38792
8740;22007;30747
4264;30293;34557
10922;32449;43371
1264;36290;37554
14029;27251;41280
8712;38484;47196
2296;27879;30175
11104;18610;29714
2025;24775;26800
11941;38237;50178
9970;18648;28618
5255;22503;27758
2457;18347;20804
13899;38354;52253
13077;33238;46315
13101;39048;52149
14121;21718;35839
2760;28684;31444
2964;24322;27286
13269;30651;43920
13038;26789;39827
5404;20990;26394
10054;16661;26715
7907;38235;46142
2675;21769;24444
3626;19474;23100
3585;28787;32372
13445;31468;44913
12058;31590;43648
11947;16344;28291
5155;39870;45025
1100;20669;21769
1415;24005;25420
11864;26768;38632
1994;24430;26424
8472;29508;37980
1609;35299;36908
10790;16320;27110
6306;16157;22463
3280;25834;29114
957;37466;38423
2499;27330;29829
9771;15988;25759
10972;29460;40432
8700;17616;26316
8929;31993;40922
1698;28506;30204
5977;17552;23529
910;33867;34777
108;32580;32688
12823;15935;28758
8748;31412;40160
14130;38857;52987
12283;18970;31253
14598;39271;53869
3044;37873;40917
4338;27224;31562
4053;15615;19668
1843;28673;30516
5548;26650;32198
3150;36345;39495
1907;19473;21380
13153;21876;35029
13597;23271;36868
5127;20786;25913
13597;30086;43683
4737;27730;32467
4251;23450;27701
7420;34427;41847
3984;21683;25667
9387;15610;24997
13956;26038;39994
12332;30619;42951
8368;31495;39863
158;23389;23547
12557;28218;40775
14021;15795;29816
14171;17540;31711
4502;15441;19943
12769;32911;45680
394;19572;19966
8668;30513;39181
8753;36277;45030
6830;28008;34838
3667;24727;28394
3267;20900;24167
4544;30644;35188
6675;24099;30774
12440;39573;52013
146;29229;29375
6237;37955;44192
1106;29266;30372
2382;25763;28145
2838;15660;18498
12514;30905;43419
6575;39470;46045
2506;31969;34475
3145;24483;27628
7014;29403;36417
5482;33447;38929
5204;30915;36119
14786;15479;30265
2109;30735;32844
4524;15086;19610
5686;30640;36326
2830;32790;35620
9563;20748;30311
9196;15049;24245
13447;19644;33091
14425;37718;52143
14419;18334;32753
6997;29524;36521
3540;20521;24061
2829;31963;34792
4356;29711;34067
9229;39783;49012
7951;17127;25078
4360;18121;22481
13303;25726;39029
9317;24604;33921
3546;21440;24986
4150;23173;27323
13101;37845;50946
13738;16136;29874
11130;22669;33799
9434;23565;32999
12492;28092;40584
12403;19797;32200
1807;17005;18812
7830;28240;36070
4911;18843;23754
14219;20406;34625
10268;29352;39620
2252;22845;25097
10418;32275;42693
8774;36912;45686
5512;17407;22919
1812;27613;29425
5629;37614;43243
9412;17164;26576
2104;29898;32002
10803;23378;34181
1901;19517;21418
5441;33197;38638
13273;30763;44036
14447;22085;36532
11418;17412;28830
13847;16090;29937
3722;35880;39602
14453;21738;36191
8927;27419;36346
12728;28326;41054
7264;19060;26324
8279;36114;44393
1506;19074;20580
13459;19458;32917
3292;34909;38201
3618;39042;42660
527;31182;31709
7193;38110;45303
6398;26126;32524
11773;19266;31039
12043;31825;43868
9908;31810;41718
3299;16258;19557
12779;19406;32185
1456;26967;28423
2534;34578;37112
6512;26015;32527
175;26462;26637
11745;34441;46186
8129;37388;45517
9826;23968;33794
7718;27938;35656
8048;17720;25768
2342;18729;21071
9904;22961;32865
10001;36086;46087
9494;33592;43086
14367;30711;45078
13777;31078;44855
6852;34064;40916
3146;15203;18349
7629;30542;38171
6658;27809;34467
9384;35119;44503
192;22619;22811
1460;19410;20870
6950;36430;43380
5391;35450;40841
2525;16891;19416
8336;29614;37950
942;34258;35200
6856;37668;44524
986;17096;18082
12488;33955;46443
5076;38516;43592
235;33445;33680
13017;32589;45606
13618;38118;51736
7564;38799;46363
13578;30659;44237
10791;30433;41224
14793;32563;47356
10037;35002;45039
9815;34336;44151
2524;36032;38556
5223;25338;30561
13534;23689;37223
13736;35393;49129
3949;16817;20766
4691;33923;38614
4144;39095;43239
13497;35444;48941
853;19013;19866
12013;26339;38352
5922;24000;29922
12137;19102;31239
486;30559;31045
8976;35918;44894
4952;26755;31707
7154;19111;26265
4821;34524;39345
2574;24739;27313
344;20683;21027
1107;28943;30050
746;25377;26123
8332;20122;28454
4521;36635;41156
11480;29646;41126
3979;35094;39073
9521;22115;31636
9211;28448;37659
6849;25964;32813
12108;23403;35511
8408;16091;24499
12845;34023;46868
10054;19435;29489
6400;38813;45213
9275;17237;26512
9398;36777;46175
14738;32517;47255
5572;20511;26083
589;25866;26455
12365;22688;35053
6282;34687;40969
8622;35921;44543
139;24291;24430
5082;23361;28443
5570;18236;23806
6082;25950;32032
4063;36944;41007
4334;37605;41939
10239;33410;43649
3158;17725;20883
13362;18970;32332
12425;20439;32864
11349;28234;39583
4440;32889;37329
4968;29086;34054
3922;37220;41142
10176;35130;45306
13566;34858;48424
6737;18603;25340
12578;33284;45862
1930;19706;21636
4922;20392;25314
9391;20255;29646
9370;30298;39668
3995;24497;28492
13314;32353;45667
14257;20899;35156
4380;22802;27182
902;24774;25676
9532;21147;30679
14157;38755;52912
11065;23715;34780
2364;29234;31598
9195;27435;36630
13902;32693;46595
407;20042;20449
5340;23117;28457
1780;26820;28600
12678;35819;48497
12023;38143;50166
14773;26413;41186
8500;26276;34776
9057;20871;29928
4014;32264;36278
9389;16410;25799
3028;25260;28288
9455;18898;28353
12426;25860;38286
9919;24403;34322
903;22026;22929
4595;38564;43159
9015;39255;48270
11402;28915;40317
12397;25286;37683
7329;18866;26195
7419;33020;40439
13616;33031;46647
7320;37809;45129
6655;39670;46325
2032;36197;38229
4391;37400;41791
14455;19916;34371
14335;33464;47799
8447;28222;36669
3605;17560;21165
9631;27309;36940
3853;19870;23723
10865;30780;41645
4489;28927;33416
1314;30916;32230
14200;15419;29619
2031;22528;24559
11627;15959;27586
12395;22807;35202
11458;36884;48342
2287;21355;23642
114;18026;18140
12058;25467;37525
8365;18946;27311
607;15729;16336
736;17418;18154
5751;19979;25730
13960;21946;35906
4341;37418;41759
10168;34652;44820
12034;39451;51485
5508;20507;26015
13986;26449;40435
9065;37175;46240
1044;30148;31192
13012;36052;49064
11516;29222;40738
5665;15761;21426
13411;29584;42995
5019;29287;34306
4008;39185;43193
2682;20346;23028
3545;39692;43237
11590;23726;35316
10946;39130;50076
12214;29246;41460
137;32616;32753
7191;38085;45276
5094;26653;31747
1139;26720;27859
10855;17910;28765
4989;23280;28269
9734;35177;44911
4766;21661;26427
3773;31560;35333
1283;31359;32642
13885;16452;30337
11028;38831;49859
5579;24443;30022
4061;22827;26888
3140;15519;18659
2888;25107;27995
3154;35555;38709
1834;16383;18217
3482;25430;28912
3617;16039;19656
7989;19719;27708
39;17669;17708
12091;26382;38473
8307;21536;29843
13360;26135;39495
3805;16022;19827
14596;22894;37490
11035;26238;37273
3788;30503;34291
13145;34389;47534
10524;18723;29247
7584;25932;33516
2829;26247;29076
7845;18120;25965
3764;23118;26882
11744;28731;40475
6492;36722;43214
2827;18030;20857
7022;27425;34447
5831;26741;32572
2376;19926;22302
11350;23888;35238
7145;39971;47116
2871;33538;36409
7471;30283;37754
8976;33360;42336
13401;19593;32994
8179;38073;46252
9488;23430;32918
13445;35963;49408
11945;39044;50989
6577;38642;45219
12287;29397;41684
10133;28062;38195
8806;17087;25893
12845;23850;36695
10909;18818;29727
9168;15033;24201
13253;36129;49382
4808;17705;22513
6214;38563;44777
7487;36178;43665
4373;21101;25474
5631;19485;25116
916;22632;23548
7953;31480;39433
14099;35712;49811
3664;18832;22496
13608;39605;53213
4640;27611;32251
1319;30611;31930
9453;25440;34893
12963;37077;50040
102;22517;22619
4481;18583;23064
9150;16851;26001
1805;31314;33119
3396;32630;36026
9007;38710;47717
4843;33592;38435
1459;39471;40930
13466;20772;34238
12273;28568;40841
3653;23250;26903
8838;22502;31340
1904;23608;25512
13058;38043;51101
7617;30368;37985
10141;19910;30051
5264;29973;35237
352;18846;19198
3066;22616;25682
124;31027;31151
5346;32520;37866
2648;21039;23687
4076;18350;22426
7775;25766;33541
10597;24462;35059
4076;33906;37982
1503;32436;33939
615;24188;24803
12839;20239;33078
9480;18056;27536
12392;18113;30505
7579;30215;37794
8201;18742;26943
3106;19792;22898
4657;29742;34399
8679;35321;44000
12418;25733;38151
10036;28455;38491
12323;37791;50114
8533;23548;32081
13515;25298;38813
3293;31394;34687
9739;18543;28282
2533;33315;35848
6005;20983;26988
5220;32187;37407
3187;20671;23858
8503;37316;45819
1130;28283;29413
3675;16863;20538
2285;36750;39035
14726;30965;45691
4346;26902;31248
885;38578;39463
10649;23646;34295
12027;18866;30893
2488;28040;30528
11121;30905;42026
10403;21318;31721
14386;30816;45202
12880;35255;48135
6762;35115;41877
8394;34953;43347
12068;38860;50928
2397;17863;20260
6128;16792;22920
10572;23849;34421
7639;16272;23911
14437;38774;53211
9923;21174;31097
13628;19072;32700
8073;24676;32749
2506;30565;33071
11723;17692;29415
11783;37837;49620
6016;34494;40510
3078;33686;36764
14280;26876;41156
10051;35216;45267
14491;38360;52851
9521;27240;36761
9672;26966;36638
9187;29512;38699
5135;31096;36231
4307;16650;20957
12591;19146;31737
4349;25195;29544
10698;30184;40882
5902;27564;33466
5884;16018;21902
174;31833;32007
10702;30935;41637
13103;29095;42198
13248;20214;33462
6693;36295;42988
5400;35359;40759
8681;34095;42776
2587;33046;35633
7180;15763;22943
4253;28693;32946
12551;24596;37147
10947;29271;40218
443;22971;23414
5589;24343;29932
3940;25655;29595
1876;26345;28221
9335;17618;26953
8594;21308;29902
3309;16347;19656
14663;16358;31021
1215;31175;32390
13524;27244;40768
12348;22222;34570
5595;22940;28535
4507;28557;33064
14000;17117;31117
8914;24144;33058
12209;26923;39132
6259;28972;35231
12370;26285;38655
9258;22943;32201
13642;26066;39708
12512;35862;48374
13603;26278;39881
8567;27477;36044
13659;32482;46141
13552;34577;48129
7013;26457;33470
650;17173;17823
121;35508;35629
4361;37827;42188
11956;34730;46686
9808;39679;49487
4323;23636;27959
351;27075;27426
4136;30158;34294
13160;35289;48449
13301;16497;29798
11828;19223;31051
7174;34324;41498
4422;30514;34936
3841;30035;33876
7459;36328;43787
10202;16570;26772
6654;22598;29252
6196;16226;22422
8602;38388;46990
10850;16789;27639
4096;38912;43008
13702;17609;31311
7704;35713;43417
14431;38475;52906
11401;33095;44496
10140;24872;35012
14497;20151;34648
7420;38316;45736
14384;36802;51186
4047;26407;30454
14846;26175;41021
10219;37044;47263
2935;29338;32273
1063;27965;29028
1770;18853;20623
12092;15176;27268
8997;33306;42303
14864;38273;53137
8150;20148;28298
11223;29129;40352
10609;25477;36086
8722;38382;47104
12205;16936;29141
12134;35685;47819
2783;34758;37541
1647;22027;23674
6744;36967;43711
964;23938;24902
3425;38265;41690
13726;25336;39062
13161;23120;36281
12098;31090;43188
10677;19795;30472
13637;37384;51021
7978;23645;31623
13367;18233;31600
5311;27161;32472
14737;23169;37906
3234;31542;34776
9384;39447;48831
5053;18454;23507
9879;39926;49805
9930;39883;49813
735;39054;39789
12940;32807;45747
10706;38413;49119
8936;19620;28556
9641;29154;38795
4031;35192;39223
13520;25176;38696
13183;27124;40307
13424;35869;49293
6988;18461;25449
9539;24645;34184
13609;27604;41213
9800;26692;36492
2870;16284;19154
9246;31151;40397
14113;22412;36525
6548;17287;23835
8249;39014;47263
3637;17514;21151
6495;34245;40740
14280;27740;42020
3572;30469;34041
3767;19433;23200
10492;37985;48477
5260;15616;20876
3355;29566;32921
5312;26655;31967
5121;24124;29245
13055;36324;49379
12472;38563;51035
7684;35417;43101
12863;27402;40265
4582;33242;37824
3600;29538;33138
12851;30565;43416
6926;39764;46690
7567;37298;44865
14992;23936;38928
6726;20959;27685
6730;34313;41043
8364;27787;36151
6639;25918;32557
5791;39712;45503
4806;20329;25135
10120;39812;49932
7807;34554;42361
1883;37336;39219
9026;28042;37068
431;17432;17863
11144;26025;37169
3820;27549;31369
2855;20296;23151
6884;17133;24017
14546;33392;47938
12760;30253;43013
11655;16632;28287
4932;17908;22840
1647;25786;27433
3100;16049;19149
477;30160;30637
7917;24620;32537
7546;25519;33065
7079;30092;37171
8628;29599;38227
5191;39170;44361
12221;38049;50270
804;15556;16360
5212;28617;33829
5933;16544;22477
3817;35301;39118
8949;27169;36118
13625;32441;46066
1556;18779;20335
6050;37290;43340
1183;21079;22262
14646;35763;50409
13438;38802;52240
9756;32898;42654
2793;36684;39477
676;23495;24171
4019;30060;34079
5004;17345;22349
233;36412;36645
437;18909;19346
11783;16005;27788
7008;16491;23499
4107;35960;40067
2204;28594;30798
120;21196;21316
7835;31264;39099
2085;27609;29694
854;36084;36938
8409;25618;34027
11412;28955;40367
14060;16303;30363
13001;15520;28521
13801;25134;38935
13471;31715;45186
6953;32106;39059
10765;26183;36948
14734;34701;49435
13346;34073;47419
841;28616;29457
3838;16552;20390
8843;30198;39041
11702;17682;29384
1439;17663;19102
7978;33916;41894
11393;28098;39491
473;25888;26361
8443;17488;25931
10226;20141;30367
14459;30811;45270
2416;30676;33092
2549;20207;22756
9958;16604;26562
11032;31109;42141
10432;15371;25803
941;29655;30596
12403;15292;27695
29;28895;28924
5681;25512;31193
8886;37515;46401
14442;24373;38815
10413;36983;47396
2839;22074;24913
14001;16086;30087
11295;16837;28132
9797;29577;39374
128;22401;22529
7066;35178;42244
12439;27962;40401
1714;32601;34315
5245;36053;41298
532;20675;21207
14578;35493;50071
2512;35247;37759
8580;22080;30660
12522;39377;51899
10119;25721;35840
4031;30960;34991
8688;35354;44042
1143;37820;38963
2143;28137;30280
1219;33537;34756
4455;24167;28622
271;26522;26793
13660;25485;39145
11112;21476;32588
7050;36307;43357
8240;30760;39000
6498;32901;39399
11823;37468;49291
11018;20025;31043
682;17163;17845
11237;26629;37866
4574;27325;31899
6355;32585;38940
2032;21181;23213
7969;35635;43604
9549;27423;36972
7363;35609;42972
3944;27734;31678
9434;17191;26625
6803;26295;33098
1873;30189;32062
442;20247;20689
1186;37809;38995
14828;39053;53881
144;25376;25520
2433;22880;25313
14210;39322;53532
13307;18859;32166
6568;35761;42329
3127;36780;39907
14381;34273;48654
11554;18966;30520
4586;16103;20689
9744;26699;36443
2319;22523;24842
8777;22301;31078
6712;26059;32771
89;15824;15913
9334;17044;26378
11911;35778;47689
12064;38299;50363
7946;38866;46812
9570;34044;43614
14574;30796;45370
14497;37923;52420
1073;29626;30699
299;23028;23327
12120;31588;43708
6314;28195;34509
3233;39016;42249
3713;33625;37338
2377;32004;34381
45;27114;27159
5904;17803;23707
2692;36493;39185
14642;30184;44826
3088;26387;29475
11134;15917;27051
3324;29292;32616
13200;19184;32384
1494;21732;23226
9797;25558;35355
12462;18733;31195
1146;15998;17144
14399;37035;51434
2681;18107;20788
11473;39968;51441
12721;38506;51227
4968;28278;33246
4810;17551;22361
12126;18666;30792
6856;30769;37625
12827;32431;45258
13383;31225;44608
11466;39069;50535
10804;35134;45938
12063;23548;35611
373;35442;35815
3048;32377;35425
6307;17893;24200
7733;32770;40503
11716;19911;31627
5130;39532;44662
14744;20135;34879
4198;22816;27014
7202;15041;22243
10067;28807;38874
6878;17198;24076
3792;34003;37795
5653;30286;35939
2440;20379;22819
7694;23831;31525
5943;26981;32924
7198;32304;39502
6959;16566;23525
1835;32052;33887
7994;33983;41977
13003;39365;52368
8531;33070;41601
10509;17972;28481
11225;37480;48705
13236;16871;30107
1250;39465;40715
3644;18920;22564
8876;26199;35075
6562;29662;36224
6444;20627;27071
6464;20114;26578
1440;26937;28377
2331;36653;38984
13204;36229;49433
7472;17597;25069
6893;16528;23421
7405;30482;37887
7164;29432;36596
14665;26382;41047
11968;37191;49159
445;39543;39988
2690;22734;25424
14559;18604;33163
24;39851;39875
14722;34533;49255
2975;31913;34888
8527;35674;44201
2460;37539;39999
5787;22416;28203
1089;39835;40924
2074;32771;34845
5488;38264;43752
13454;27614;41068
8444;36996;45440
4708;39927;44635
14857;27248;42105
7350;35979;43329
3457;37309;40766
3130;37622;40752
8214;24111;32325
5345;33510;38855
7614;31764;39378
12117;31866;43983
9895;26922;36817
4794;37444;42238
4999;16097;21096
5815;32931;38746
9168;32351;41519
8015;21166;29181
2861;28067;30928
310;33173;33483
4413;19588;24001
3299;29074;32373
346;34243;34589
9124;32315;41439
5646;19343;24989
5211;18870;24081
4889;32487;37376
10256;15149;25405
3533;31404;34937
1418;19219;20637
10215;31737;41952
14368;36819;51187
5868;26303;32171
9204;22009;31213
6518;37093;43611
8939;17324;26263
5618;23993;29611
660;21268;21928
11305;31869;43174
5460;22630;28090
6965;15914;22879
14652;18020;32672
9613;27745;37358
6505;26873;33378
5197;32724;37921
2883;16100;18983
9161;31385;40546
2804;17993;20797
2112;18631;20743
14412;24487;38899
12084;30284;42368
432;33679;34111
2361;33886;36247
1402;37005;38407
6986;32052;39038
7274;34824;42098
9005;38079;47084
13851;35718;49569
7902;15671;23573
6880;26117;32997
5066;31510;36576
8646;22290;30936
13647;36854;50501
6464;32333;38797
7557;26755;34312
105;15654;15759
1288;35653;36941
14697;16000;30697
9482;26251;35733
8884;27486;36370
3274;32842;36116
8577;33477;42054
5526;26256;31782
7537;21462;28999
11544;19143;30687
746;21839;22585
5569;24870;30439
5439;16550;21989
11570;28925;40495
6026;37673;43699
8997;33533;42530
12501;20690;33191
12597;22103;34700
11482;22302;33784
3897;32263;36160
9668;25387;35055
5318;37464;42782
3706;36541;40247
9473;33629;43102
2321;36418;38739
8552;15120;23672
8704;30324;39028
1894;33184;35078
14775;33829;48604
5657;35271;40928
13195;27417;40612
207;15103;15310
9554;38721;48275
7098;32877;39975
9029;32218;41247
14237;17263;31500
13094;20980;34074
6093;17145;23238
247;33060;33307
14229;15310;29539
4443;20661;25104
443;21805;22248
809;29715;30524
7852;36591;44443
9952;23709;33661
7985;28647;36632
11338;36930;48268
171;26639;26810
12881;39301;52182
775;35927;36702
3960;38990;42950
6203;17101;23304
6487;19964;26451
14440;35325;49765
7563;37822;45385
10111;36480;46591
13088;34817;47905
3905;24940;28845
11491;26058;37549
14989;20914;35903
1365;36792;38157
11057;19642;30699
11553;19111;30664
327;30611;30938
1090;30679;31769
9893;36168;46061
1495;29513;31008
6377;21492;27869
3303;23569;26872
7389;27989;35378
3180;26939;30119
14767;23899;38666
1475;22262;23737
4893;39742;44635
6719;32197;38916
7348;29691;37039
4742;36549;41291
13697;38517;52214
737;29661;30398
12436;21158;33594
9003;19725;28728
8212;29141;37353
1952;35016;36968
7390;33059;40449
11191;37354;48545
8501;30159;38660
13008;18729;31737
5186;35416;40602
5164;35999;41163
4879;38261;43140
12380;35370;47750
4671;20414;25085
5440;33906;39346
9281;37347;46628
8213;28551;36764
10174;26378;36552
3249;28808;32057
166;38890;39056
492;31135;31627
8672;18002;26674
8039;21820;29859
3050;39513;42563
146;38739;38885
2378;28888;31266
3660;17808;21468
5666;35966;41632
6633;23335;29968
11645;24537;36182
11291;21042;32333
10693;31256;41949
13750;18625;32375
7878;16055;23933
14279;30801;45080
10308;25789;36097
13796;33459;47255
8315;27460;35775
7343;29009;36352
6841;22667;29508
4775;31024;35799
13277;34138;47415
4382;33200;37582
13120;33716;46836
13124;37338;50462
13218;37802;51020
3095;36918;40013
11428;16119;27547
9037;20891;29928
3378;27681;31059
1134;23812;24946
7592;38269;45861
12041;25338;37379
7704;21755;29459
2358;37250;39608
12533;33491;46024
6228;27880;34108
14059;18248;32307
55;21478;21533
1992;21961;23953
3555;15231;18786
2528;37947;40475
62;21775;21837
2987;38955;41942
3722;37195;40917
3185;24326;27511
10641;23685;34326
2327;39820;42147
1635;27940;29575
11412;18499;29911
2346;37024;39370
13768;19367;33135
235;29547;29782
7761;31964;39725
825;23082;23907
13259;23488;36747
9344;29729;39073
4979;29328;34307
2553;30377;32930
8864;28805;37669
1000;27147;28147
5061;18646;23707
7651;35037;42688
12809;32853;45662
9381;31280;40661
6244;27694;33938
11691;30058;41749
12884;23307;36191
6046;30047;36093
3461;32459;35920
4434;30181;34615
3707;20406;24113
11784;24199;35983
1947;15452;17399
11200;26996;38196
5630;16419;22049
11307;37530;48837
4553;35184;39737
14582;26439;41021
8020;38842;46862
12654;32763;45417
4469;16813;21282
10519;18200;28719
10075;18686;28761
6534;19991;26525
13474;28096;41570
14485;29906;44391
12128;32178;44306
13597;34214;47811
5469;32860;38329
12413;37832;50245
10639;28823;39462
11199;32503;43702
10736;34850;45586
918;23948;24866
2694;17101;19795
9219;34850;44069
6046;27696;33742
12291;35382;47673
3856;20393;24249
6058;33808;39866
13350;27578;40928
7486;37264;44750
14737;32055;46792
6264;19207;25471
13679;16937;30616
7262;21589;28851
6367;19793;26160
3983;17207;21190
9137;18899;28036
2406;35794;38200
9347;25023;34370
8286;35153;43439
2877;34956;37833
10053;38708;48761
9554;29768;39322
4127;35274;39401
1903;27718;29621
14880;35989;50869
11728;21493;33221
10002;31046;41048
1531;37195;38726
11658;34545;46203
766;35304;36070
4897;34453;39350
11175;27725;38900
14455;22162;36617
1095;39968;41063
4257;20417;24674
8951;19347;28298
831;33659;34490
6732;35753;42485
5417;19024;24441
3326;16204;19530
12480;35198;47678
8655;36663;45318
27;34878;34905
14861;25226;40087
12550;23673;36223
11641;32877;44518
1097;19120;20217
9609;23088;32697
7620;16254;23874
2045;31448;33493
30;17600;17630
5515;18118;23633
7918;21843;29761
559;21405;21964
11435;38880;50315
14179;26074;40253
6932;23096;30028
7048;25900;32948
4959;34312;39271
11149;20649;31798
5569;33123;38692
13984;35911;49895
7909;38036;45945
5351;16396;21747
1960;32268;34228
7215;19104;26319
7679;15575;23254
12701;19434;32135
14523;22580;37103
9652;35548;45200
2959;28247;31206
9334;33128;42462
9693;31782;41475
12614;19524;32138
11703;39012;50715
7630;17075;24705
8133;27692;35825
11104;31657;42761
9209;24593;33802
1186;30277;31463
14341;24192;38533
11450;22576;34026
12452;21347;33799
11334;18612;29946
1144;27034;28178
7510;34851;42361
2867;34643;37510
2478;35657;38135
12032;23401;35433
8089;39383;47472
4679;26782;31461
11133;20722;31855
8521;32822;41343
12181;23380;35561
7234;31943;39177
4398;31429;35827
6926;23137;30063
11359;31014;42373
2086;27499;29585
2227;22816;25043
10053;21273;31326
374;27465;27839
983;36147;37130
6176;16080;22256
2242;35133;37375
5924;23591;29515
10238;23619;33857
7610;29768;37378
4239;19241;23480
668;29049;29717
1666;23022;24688
3174;32115;35289
6227;35209;41436
12014;18813;30827
5234;27762;32996
10383;28837;39220
11608;34247;45855
13796;33619;47415
13660;26341;40001
14078;34945;49023
10044;27282;37326
8414;34053;42467
1119;35223;36342
12291;22232;34523
1431;20874;22305
13834;35240;49074
3425;33796;37221
8071;39069;47140
4258;21798;26056
11825;17134;28959
14847;34360;49207
11730;22754;34484
6903;24050;30953
5185;16888;22073
14557;38299;52856
5863;34434;40297
13704;32721;46425
1524;22347;23871
5491;21286;26777
10113;16701;26814
3376;31373;34749
6884;27241;34125
12408;21029;33437
2423;16751;19174
4158;31141;35299
6304;28098;34402
8435;37722;46157
6819;18124;24943
5400;33700;39100
13764;35328;49092
9027;31156;40183
7716;17196;24912
9277;18337;27614
10915;21957;32872
400;28696;29096
9715;39310;49025
14081;19411;33492
12090;29288;41378
10647;38219;48866
3181;25428;28609
8692;38271;46963
196;26502;26698
13035;20772;33807
14258;32419;46677
7024;34662;41686
5683;36518;42201
12706;19820;32526
1899;36967;38866
14849;39012;53861
8918;31361;40279
79;18712;18791
11199;35160;46359
6855;32535;39390
1898;32235;34133
11106;27485;38591
4286;18205;22491
8124;23714;31838
14653;35276;49929
2556;36453;39009
5129;38636;43765
1572;18415;19987
2568;33080;35648
9115;19388;28503
13972;18115;32087
4286;34230;38516
14695;20736;35431
650;34691;35341
5391;31988;37379
3884;27516;31400
9977;31119;41096
10726;31514;42240
11639;37745;49384
10728;21919;32647
14081;30371;44452
3121;35094;38215
4465;27052;31517
4209;33771;37980
3536;26248;29784
5296;20251;25547
5432;36163;41595
421;24556;24977
8428;19165;27593
14431;28997;43428
12905;38220;51125
8739;28689;37428
8208;36654;44862
12614;29229;41843
241;33939;34180
8440;24886;33326
4396;20692;25088
1213;34573;35786
9723;22595;32318
318;31210;31528
9032;35680;44712
13286;38984;52270
2061;16633;18694
7474;36412;43886
12421;16737;29158
5723;27102;32825
2479;32049;34528
7806;21584;29390
2619;22054;24673
2503;33513;36016
14452;16628;31080
6495;32429;38924
5755;31511;37266
1396;35785;37181
7859;22406;30265
1406;20572;21978
11505;15613;27118
11567;15051;26618
3845;18935;22780
11789;21745;33534
9411;19870;29281
14983;20991;35974
11037;32596;43633
5707;37375;43082
4042;17062;21104
3971;17268;21239
6242;15613;21855
14575;31794;46369
13630;16210;29840
14396;37944;52340
4888;38101;42989
11517;35750;47267
10434;31743;42177
6045;27899;33944
10059;30067;40126
13951;23775;37726
2857;39697;42554
3056;16028;19084
10940;30852;41792
5915;23106;29021
10757;30225;40982
14544;39112;53656
12397;20777;33174
9635;39140;48775
9787;35533;45320
6902;35360;42262
3712;28850;32562
11426;21990;33416
1605;29740;31345
8924;36628;45552
8835;24719;33554
14415;15798;30213
11598;36417;48015
11733;15364;27097
8204;22911;31115
6743;25316;32059
10874;15578;26452
7473;34129;41602
13773;18920;32693
2457;25821;28278
10568;21649;32217
44;39968;40012
5200;34357;39557
6960;27718;34678
11800;33218;45018
9570;31825;41395
10014;36228;46242
1990;39139;41129
6751;23713;30464
14060;23507;37567
11684;36883;48567
3137;23910;27047
12554;23613;36167
14015;26720;40735
8365;21945;30310
14705;33282;47987
13886;37408;51294
9134;37965;47099
2726;27478;30204
5973;26472;32445
3501;35262;38763
12469;32336;44805
2674;15866;18540
13997;16362;30359
5143;17832;22975
14907;39930;54837
3288;23927;27215
10019;15968;25987
13627;16911;30538
14615;28375;42990
12606;25185;37791
13237;18687;31924
3885;20586;24471
11631;25238;36869
7715;26647;34362
894;24086;24980
2362;28839;31201
105;32973;33078
6822;37003;43825
2199;27065;29264
14432;21629;36061
7319;27873;35192
3642;31204;34846
9953;31201;41154
2422;22119;24541
14972;37556;52528
5699;15093;20792
14430;29527;43957
8104;23176;31280
7233;20476;27709
13090;22675;35765
5423;20334;25757
3174;29298;32472
472;35612;36084
13823;30762;44585
6943;22208;29151
14055;32047;46102
12675;29113;41788
4047;24933;28980
8673;16612;25285
9830;39689;49519
11634;36182;47816
14772;26144;40916
8276;22935;31211
14123;39270;53393
2191;36668;38859
6787;38669;45456
8670;38481;47151
12764;29918;42682
1450;21691;23141
13294;35698;48992
11434;21698;33132
7706;26469;34175
13164;27025;40189
11157;21135;32292
1096;38591;39687
9009;25774;34783
106;37527;37633
981;15515;16496
4229;36232;40461
8438;16438;24876
3344;21696;25040
5127;30478;35605
11995;18580;30575
8632;18472;27104
5486;37551;43037
10173;33465;43638
734;26064;26798
10616;20732;31348
2323;15433;17756
4285;31901;36186
1835;21500;23335
8714;34848;43562
256;28558;28814
11126;32005;43131
8296;29349;37645
4175;34941;39116
12058;37807;49865
11759;33479;45238
11000;24173;35173
5285;22145;27430
3913;28080;31993
2925;24376;27301
5496;16776;22272
3355;27908;31263
5204;23885;29089
6561;29585;36146
2188;18945;21133
11182;22551;33733
12657;37609;50266
4441;39041;43482
4391;15842;20233
14970;17074;32044
9538;26593;36131
6057;15795;21852
11485;27453;38938
11738;18774;30512
3204;34716;37920
116;30169;30285
5139;31958;37097
12437;32308;44745
14261;21684;35945
3732;22515;26247
6501;29383;35884
8939;38089;47028
12808;28989;41797
10137;35575;45712
14717;15637;30354
1704;27352;29056
8510;21169;29679
2468;18640;21108
9309;27824;37133
9364;29704;39068
12320;32592;44912
7452;17196;24648
11842;26744;38586
403;20730;21133
4543;23610;28153
11520;26052;37572
6665;30133;36798
12379;26126;38505
11321;23978;35299
6811;28362;35173
4540;31086;35626
8518;18583;27101
10540;30765;41305
13034;27003;40037
756;15587;16343
7949;19621;27570
6084;30171;36255
9230;19780;29010
7704;35766;43470
12791;37266;50057
1120;35184;36304
5731;27995;33726
11875;31767;43642
10265;21094;31359
8148;37262;45410
10009;27786;37795
120;35019;35139
13286;32398;45684
784;21058;21842
1593;32313;33906
1862;32510;34372
8196;38067;46263
7624;26636;34260
14820;17579;32399
7377;16965;24342
11885;22891;34776
12645;37475;50120
9955;30622;40577
13441;25787;39228
11329;16420;27749
3851;20343;24194
8316;39954;48270
12374;16183;28557
10930;22809;33739
12025;20642;32667
7783;15843;23626
11181;16577;27758
7928;15169;23097
9089;29441;38530
5348;17237;22585
13240;27790;41030
2786;39499;42285
3645;38065;41710
13;16762;16775
1653;16558;18211
2192;31223;33415
8269;19281;27550
2548;20698;23246
2799;21385;24184
928;27378;28306
1887;24234;26121
9327;19266;28593
11575;24477;36052
10229;33893;44122
1680;21915;23595
6376;32060;38436
8605;36589;45194
3808;36144;39952
1821;39720;41541
14921;16457;31378
4498;31868;36366
9285;25957;35242
7165;25047;32212
4515;24042;28557
7459;25015;32474
11325;27324;38649
8786;18030;26816
10563;38351;48914
3623;34599;38222
13053;22755;35808
12628;32339;44967
6399;37195;43594
12847;29157;42004
7892;16604;24496
1803;27346;29149
270;29123;29393
5387;17605;22992
10295;28966;39261
1315;31247;32562
155;37881;38036
14559;22637;37196
1635;20544;22179
11564;33223;44787
678;20697;21375
11918;26391;38309
11988;17288;29276
9523;19803;29326
4278;31196;35474
12289;21837;34126
10963;26673;37636
6978;31527;38505
13289;31479;44768
2352;35463;37815
10162;26938;37100
513;17763;18276
11113;27980;39093
6139;30789;36928
8038;33963;42001
4641;31889;36530
1310;17011;18321
11379;27341;38720
13857;35186;49043
2130;19666;21796
8433;37317;45750
5262;26796;32058
12741;34304;47045
4638;16906;21544
8937;27546;36483
8431;30482;38913
2852;17697;20549
7450;19202;26652
11958;15924;27882
14271;38522;52793
11248;29425;40673
11551;27255;38806
12570;19269;31839
13340;39945;53285
10190;22721;32911
2930;36376;39306
3347;27463;30810
9364;24781;34145
2207;27050;29257
1173;24863;26036
10170;25904;36074
2555;16095;18650
13984;33045;47029
1420;24367;25787
12256;28183;40439
5400;36786;42186
719;20221;20940
2684;37234;39918
10921;32405;43326
13429;28311;41740
12542;18924;31466
10845;17433;28278
6051;35733;41784
1157;39351;40508
14694;20006;34700
5752;27871;33623
14051;30100;44151
14174;24030;38204
8389;35894;44283
6002;24880;30882
8219;25334;33553
2232;16941;19173
10899;33219;44118
1542;32286;33828
2161;26338;28499
13963;19034;32997
12014;38850;50864
13677;24999;38676
6631;27297;33928
7257;30417;37674
1426;37479;38905
5406;33589;38995
5177;29066;34243
6559;16336;22895
3219;37763;40982
11537;17365;28902
13238;33743;46981
3128;31527;34655
4915;21726;26641
7906;27203;35109
8846;36483;45329
1478;15995;17473
11903;20970;32873
3922;21615;25537
1058;17438;18496
4407;18703;23110
1152;21231;22383
3184;19031;22215
9769;24647;34416
13865;21772;35637
221;19366;19587
8621;29659;38280
8148;35941;44089
3363;23060;26423
14602;28016;42618
6370;32947;39317
6633;25580;32213
12486;29747;42233
10359;38692;49051
6956;30554;37510
9218;26653;35871
262;21080;21342
7822;31011;38833
953;26907;27860
2322;16751;19073
12285;16714;28999
2611;17256;19867
6421;21820;28241
380;36006;36386
11621;16009;27630
14404;38098;52502
9319;39800;49119
13902;20360;34262
9642;33844;43486
1494;15759;17253
4539;17226;21765
7887;33968;41855
13953;35773;49726
2437;33944;36381
2132;38819;40951
10384;32306;42690
10702;16197;26899
1943;38862;40805
3304;31783;35087
8330;19393;27723
14440;35174;49614
4509;34880;39389
1320;32192;33512
5660;15729;21389
14556;36876;51432
11622;35768;47390
4580;23948;28528
10062;24388;34450
1009;39466;40475
14234;38363;52597
11;24574;24585
3935;34126;38061
4589;15684;20273
3736;30038;33774
9178;17385;26563
14332;20709;35041
13174;28468;41642
9702;33356;43058
6274;30107;36381
2186;17374;19560
6629;30888;37517
1127;38866;39993
10228;36619;46847
6993;29943;36936
10155;32916;43071
8353;39364;47717
930;25078;26008
3802;22628;26430
4706;35526;40232
7775;28042;35817
14609;37801;52410
278;33063;33341
13182;22258;35440
606;38205;38811
7903;35402;43305
6586;35335;41921
706;20872;21578
8232;37562;45794
7330;36937;44267
7654;28124;35778
1208;30898;32106
6969;35609;42578
282;25270;25552
14795;27844;42639
3045;36172;39217
5451;34970;40421
6506;32111;38617
178;29080;29258
3163;28732;31895
2419;16422;18841
4955;15613;20568
14750;22199;36949
11397;17825;29222
3370;31406;34776
2447;38792;41239
245;17099;17344
8180;39543;47723
7967;36776;44743
3686;20264;23950
10067;26122;36189
2104;19825;21929
12985;35323;48308
11949;16357;28306
3738;28520;32258
2213;31424;33637
9229;18300;27529
745;23068;23813
14194;17801;31995
2484;34179;36663
1553;22649;24202
4782;16618;21400
11138;18408;29546
1497;18564;20061
1492;33872;35364
14716;18901;33617
4951;37632;42583
935;36945;37880
9173;35236;44409
41;30861;30902
9832;35911;45743
7988;30104;38092
5712;31337;37049
4838;22631;27469
10143;29559;39702
8879;18172;27051
5268;29389;34657
2998;20218;23216
1338;25134;26472
14158;17253;31411
11488;27041;38529
7255;20805;28060
4970;21063;26033
531;17554;18085
2613;20528;23141
10672;28818;39490
6875;15841;22716
5965;31874;37839
11987;38836;50823
9192;20961;30153
13143;39754;52897
5919;28843;34762
4723;18528;23251
7328;31111;38439
813;35262;36075
9985;18065;28050
14816;22735;37551
7101;19625;26726
9642;31688;41330
2788;31668;34456
7498;37989;45487
5966;27870;33836
6702;25718;32420
13370;19321;32691
13737;19648;33385
6496;29413;35909
3405;34117;37522
6131;35768;41899
14693;34780;49473
11741;18813;30554
10364;21034;31398
4717;27519;32236
1098;35242;36340
7511;18555;26066
3823;36335;40158
14405;28560;42965
12092;33121;45213
6026;39952;45978
10948;37802;48750
640;36131;36771
7692;29514;37206
14001;18036;32037
5941;37465;43406
1547;34700;36247
1757;38979;40736
1132;36535;37667
6272;16310;22582
7026;36470;43496
2028;35662;37690
12180;24812;36992
7702;20016;27718
10081;37703;47784
3065;16364;19429
6750;27481;34231
10433;18512;28945
14866;20501;35367
1469;29877;31346
13005;30304;43309
11610;26471;38081
2293;29884;32177
12984;17220;30204
10105;23829;33934
3010;26761;29771
7353;27751;35104
14224;38373;52597
2357;19474;21831
3571;34758;38329
12148;36623;48771
7076;19166;26242
4219;25325;29544
9434;26558;35992
3951;22923;26874
6609;24421;31030
3444;35852;39296
11892;20227;32119
5180;23135;28315
3242;37927;41169
10078;36379;46457
676;21956;22632
5074;29483;34557
12881;36275;49156
9530;33974;43504
1410;37500;38910
1631;16717;18348
4784;38807;43591
2336;36830;39166
12637;31025;43662
14672;26277;40949
14795;22209;37004
8913;17293;26206
9551;33347;42898
9836;38672;48508
6418;30542;36960
2647;32298;34945
6824;34081;40905
7676;33307;40983
1228;30472;31700
7559;37073;44632
11785;26302;38087
9575;38535;48110
5666;16283;21949
12506;39166;51672
12282;36697;48979
4269;34519;38788
819;23806;24625
1099;20286;21385
13395;21257;34652
909;25983;26892
8210;36126;44336
13941;36652;50593
6033;28991;35024
9196;34197;43393
10787;18115;28902
9000;27044;36044
14710;28973;43683
8575;35701;44276
1203;37836;39039
14054;33113;47167
5791;37481;43272
3975;19347;23322
1914;15578;17492
6049;37217;43266
6462;22697;29159
5089;36489;41578
14145;28206;42351
3588;15928;19516
12032;21802;33834
5100;22486;27586
3551;17810;21361
8659;23181;31840
12775;17551;30326
13633;15399;29032
5696;16830;22526
14921;21685;36606
7381;35392;42773
11455;15463;26918
14897;27589;42486
3469;17239;20708
4399;31779;36178
7151;33991;41142
8228;33389;41617
14875;27006;41881
1644;37054;38698
3428;32668;36096
4409;38214;42623
2054;19220;21274
10411;25247;35658
2672;29618;32290
10744;18541;29285
11485;31934;43419
4824;38752;43576
13802;18781;32583
2579;19071;21650
9659;31304;40963
9844;39652;49496
10166;18110;28276
7863;20373;28236
8915;21409;30324
12732;33329;46061
4811;19536;24347
8563;15113;23676
5439;27614;33053
3383;17569;20952
7691;25566;33257
5137;19876;25013
3715;15227;18942
3285;34962;38247
8087;17818;25905
14145;19051;33196
1702;21773;23475
3567;18252;21819
9781;38267;48048
5108;38820;43928
8051;22610;30661
5927;34478;40405
4037;37520;41557
8030;38462;46492
5559;17203;22762
6749;26432;33181
9730;39623;49353
4737;28669;33406
1431;24429;25860
5552;34960;40512
2770;16359;19129
9330;18068;27398
8235;27063;35298
6174;27109;33283
3145;29381;32526
12015;33907;45922
12600;24826;37426
3439;19053;22492
8826;19960;28786
10022;36114;46136
13048;28687;41735
5285;38082;43367
4351;35892;40243
861;27225;28086
13190;23947;37137
6649;32993;39642
1967;39922;41889
11441;37653;49094
806;21738;22544
8415;31954;40369
5538;16223;21761
11590;30111;41701
13390;29584;42974
6103;27102;33205
6334;15827;22161
9812;39622;49434
10820;38468;49288
13864;18290;32154
8608;27097;35705
2841;27227;30068
11577;15678;27255
5489;23705;29194
461;19358;19819
8449;26804;35253
12963;26652;39615
13207;21709;34916
323;15737;16060
11677;32040;43717
2213;25741;27954
440;25737;26177
5543;27898;33441
12658;39049;51707
5093;18417;23510
2935;17444;20379
5865;22934;28799
3633;36368;40001
6425;31848;38273
743;16956;17699
1599;32326;33925
4663;21358;26021
5671;25864;31535
693;33858;34551
237;32028;32265
4177;37942;42119
5740;35111;40851
9226;26278;35504
3126;22133;25259
11106;25369;36475
2005;25697;27702
8654;25272;33926
3476;17046;20522
2709;22891;25600
6736;30997;37733
11432;18443;29875
12328;27473;39801
133;36795;36928
7772;35901;43673
3608;23292;26900
1411;17183;18594
1424;29723;31147
8266;32319;40585
171;34732;34903
12242;15292;27534
5944;26102;32046
3768;21295;25063
9456;23331;32787
14346;19814;34160
12693;26347;39040
14807;27003;41810
12664;31156;43820
3347;29481;32828
2589;38995;41584
4593;26150;30743
14254;16995;31249
12754;23741;36495
13787;22241;36028
7783;19356;27139
3035;35140;38175
14991;34230;49221
203;37925;38128
14904;26177;41081
9214;17111;26325
12024;34743;46767
8660;36340;45000
9579;24028;33607
11118;17638;28756
10315;19485;29800
14717;26136;40853
225;38567;38792
6892;39148;46040
9744;28781;38525
11221;16069;27290
7725;21415;29140
9598;25298;34896
13726;18398;32124
8032;37665;45697
8212;39014;47226
235;16504;16739
11144;19231;30375
3877;16229;20106
9339;19134;28473
5186;16743;21929
516;17282;17798
13364;18917;32281
14219;34314;48533
14400;37323;51723
9554;39560;49114
2193;32751;34944
2051;32665;34716
14499;26835;41334
14297;27192;41489
9058;15303;24361
2446;21875;24321
11828;26449;38277
208;37979;38187
11684;29254;40938
10429;28171;38600
13065;38895;51960
10719;25284;36003
4880;31147;36027
3003;19169;22172
7192;26514;33706
13090;31483;44573
6687;36871;43558
9614;17468;27082
3608;33389;36997
83;39798;39881
8026;26012;34038
2978;39902;42880
12206;38439;50645
16;34459;34475
747;30203;30950
7732;28013;35745
11130;26994;38124
6191;39291;45482
5384;24707;30091
5401;30571;35972
6001;16731;22732
6255;21701;27956
6997;22217;29214
3564;17789;21353
10509;24531;35040
3249;32242;35491
3304;39893;43197
12862;25253;38115
3382;36306;39688
7970;24668;32638
452;27172;27624
7997;18768;26765
2090;17267;19357
1520;18537;20057
6960;34454;41414
11795;33184;44979
14339;32080;46419
12678;21812;34490
6645;36329;42974
10649;18267;28916
9524;23951;33475
6120;27182;33302
2291;24277;26568
8692;29577;38269
4386;16016;20402
10191;26893;37084
9001;22667;31668
1289;17763;19052
5264;29678;34942
12305;36198;48503
7229;36223;43452
10140;20504;30644
5198;36896;42094
3997;28749;32746
7072;35160;42232
5623;35236;40859
4943;21893;26836
11708;33161;44869
5088;35498;40586
10132;29580;39712
6906;21023;27929
7122;21507;28629
5380;33383;38763
11349;33678;45027
6601;18768;25369
11816;31148;42964
13763;16866;30629
7734;26419;34153
2033;22640;24673
520;33097;33617
12972;26117;39089
8414;20477;28891
10616;23067;33683
1093;27102;28195
12864;37508;50372
10861;31184;42045
2774;21837;24611
7369;38692;46061
7824;18575;26399
13315;38601;51916
27;21952;21979
8665;36027;44692
335;35422;35757
10211;25500;35711
13482;20884;34366
9529;23658;33187
14989;20981;35970
11641;23871;35512
9402;19259;28661
11421;21626;33047
9486;30426;39912
3493;21786;25279
183;33430;33613
11119;19608;30727
10243;29099;39342
7209;26795;34004
7854;38908;46762
12524;29898;42422
1252;25686;26938
10032;33450;43482
4839;15834;20673
14281;19138;33419
12471;23146;35617
2915;23289;26204
14053;35254;49307
9539;38836;48375
4673;21563;26236
13475;22836;36311
3185;18399;21584
5203;17765;22968
3364;25317;28681
902;15868;16770
14384;36645;51029
9733;35911;45644
11412;28187;39599
4955;21443;26398
9608;38911;48519
10833;33747;44580
1127;37113;38240
13318;20266;33584
72;27995;28067
13376;37021;50397
4595;24701;29296
3706;33438;37144
12018;39587;51605
12644;15741;28385
14838;32954;47792
10335;23526;33861
12495;31692;44187
7565;24652;32217
3072;31627;34699
449;33500;33949
542;28365;28907
13368;22059;35427
1266;22266;23532
9106;18489;27595
6485;35078;41563
1977;26211;28188
4622;25846;30468
1449;19412;20861
13086;29033;42119
4867;27818;32685
2170;36800;38970
9083;32306;41389
111;17241;17352
3130;35112;38242
6844;33529;40373
14512;17700;32212
7847;21754;29601
8994;24466;33460
6443;23484;29927
9033;19885;28918
11995;38859;50854
8311;22300;30611
7339;33866;41205
11793;22783;34576
5238;20287;25525
14969;18167;33136
8987;17146;26133
5165;34969;40134
6453;35910;42363
2548;27094;29642
5085;37598;42683
4685;30409;35094
4713;23852;28565
13262;29419;42681
9577;21325;30902
2462;26579;29041
12487;31287;43774
5567;26787;32354
7028;30415;37443
9248;25554;34802
13411;20831;34242
2574;18559;21133
1056;19460;20516
1456;35172;36628
9885;32933;42818
13051;26064;39115
9494;24650;34144
9580;38081;47661
13628;19185;32813
5313;39442;44755
14489;38794;53283
8364;25914;34278
3409;28432;31841
797;30729;31526
12302;24804;37106
11282;19452;30734
14115;21217;35332
920;23723;24643
253;17517;17770
1771;37930;39701
11937;29131;41068
2626;36821;39447
4188;26553;30741
11509;27570;39079
11865;30273;42138
8966;37127;46093
13128;31463;44591
2425;24322;26747
2962;25794;28756
13418;33658;47076
1918;29103;31021
2958;34024;36982
6522;26198;32720
903;37249;38152
10439;31986;42425
10445;19896;30341
3621;19490;23111
8338;20486;28824
835;36058;36893
8076;18814;26890
13716;25265;38981
8276;20360;28636
7730;19117;26847
4782;25333;30115
11843;37249;49092
12791;23847;36638
9375;24561;33936
2141;27621;29762
7609;34494;42103
12877;19869;32746
5710;36059;41769
611;27331;27942
14297;36388;50685
13647;35146;48793
2693;28870;31563
7397;22776;30173
6932;18537;25469
14399;38363;52762
123;35970;36093
6534;31197;37731
13141;23884;37025
14600;25550;40150
5955;28421;34376
11252;33152;44404
12456;37984;50440
10606;33877;44483
13222;26179;39401
4543;23971;28514
8244;20591;28835
5625;27868;33493
2990;33624;36614
7810;32884;40694
563;39859;40422
2374;22167;24541
13101;28144;41245
253;16805;17058
5418;23287;28705
14131;30137;44268
12714;28117;40831
10425;28620;39045
11677;26501;38178
8052;39561;47613
14116;36385;50501
9783;29797;39580
13290;37941;51231
6972;39598;46570
3160;24265;27425
1610;30007;31617
9344;22695;32039
2740;37836;40576
14222;35837;50059
12916;15367;28283
9355;32860;42215
4726;25425;30151
3502;19428;22930
5717;17204;22921
5980;32794;38774
13798;19825;33623
1450;24742;26192
2421;34935;37356
11536;26403;37939
12540;31217;43757
4169;39215;43384
5408;32147;37555
9117;37775;46892
9447;35853;45300
8787;19060;27847
2679;27359;30038
413;23833;24246
1426;31021;32447
8932;39378;48310
9296;18258;27554
4870;23998;28868
1507;19357;20864
14510;16842;31352
3665;36381;40046
13102;27261;40363
7655;21327;28982
11386;18937;30323
7689;20932;28621
14363;28363;42726
13211;20120;33331
1109;28207;29316
2509;35102;37611
10734;38756;49490
12583;21874;34457
8449;36668;45117
11887;25742;37629
7777;38556;46333
2632;21770;24402
11634;16929;28563
11852;16766;28618
10599;17714;28313
13392;23416;36808
2485;27068;29553
8852;28847;37699
10530;28582;39112
8463;25237;33700
276;23534;23810
1178;35691;36869
9079;26272;35351
13865;26852;40717
1441;34575;36016
6217;32375;38592
6409;26733;33142
2631;37801;40432
9020;22662;31682
12634;39169;51803
4913;17357;22270
6737;31740;38477
13720;17476;31196
3885;36202;40087
9135;15512;24647
8483;36953;45436
1081;22544;23625
2730;19830;22560
2620;20759;23379
7537;35448;42985
4;23226;23230
5663;18490;24153
1638;36948;38586
2699;30320;33019
13438;30108;43546
1155;17928;19083
6692;35855;42547
9391;22622;32013
11669;24546;36215
13051;20109;33160
8720;33789;42509
12149;39995;52144
1348;19250;20598
14630;26742;41372
11818;21333;33151
1989;38949;40938
1787;22427;24214
14454;30934;45388
10100;39474;49574
9063;16485;25548
8321;21880;30201
5190;22122;27312
13583;30011;43594
9544;17106;26650
11417;16547;27964
2997;19725;22722
238;39372;39610
7675;36496;44171
5902;22767;28669
13329;38613;51942
1352;20685;22037
12690;20584;33274
10437;16987;27424
13397;16859;30256
11640;37886;49526
6852;17663;24515
10223;34987;45210
12722;39389;52111
5191;37659;42850
13941;19646;33587
7793;20942;28735
13446;39383;52829
11188;33168;44356
2662;31648;34310
8282;19611;27893
11970;16217;28187
2302;24385;26687
11172;17103;28275
13583;23785;37368
5373;25533;30906
899;18155;19054
12172;26196;38368
4533;32339;36872
12543;33847;46390
7050;27592;34642
12636;15215;27851
9298;16890;26188
14488;26363;40851
8802;26599;35401
10886;20772;31658
7216;31796;39012
10780;20726;31506
5766;29853;35619
8419;19391;27810
13222;31496;44718
8779;37295;46074
2145;28031;30176
741;36409;37150
2554;33028;35582
428;25970;26398
9294;29744;39038
1075;34545;35620
2741;28332;31073
2526;28357;30883
11484;34069;45553
4987;21361;26348
5513;36214;41727
6020;15648;21668
12839;25679;38518
9879;31249;41128
10783;24684;35467
1591;33004;34595
14819;15241;30060
13786;36620;50406
7422;32776;40198
4205;22893;27098
172;23217;23389
4262;25940;30202
6048;23177;29225
457;16314;16771
9339;35089;44428
10117;26346;36463
2353;30583;32936
5315;36809;42124
7322;18927;26249
14395;32103;46498
279;18707;18986
2301;35970;38271
6448;33215;39663
8467;39468;47935
3848;26174;30022
5828;23873;29701
3165;33002;36167
4379;38470;42849
10142;28269;38411
6698;39419;46117
1415;21973;23388
9693;27770;37463
4257;38184;42441
5374;29359;34733
8916;27517;36433
14707;35910;50617
12022;22234;34256
3997;30789;34786
8242;36268;44510
5880;25797;31677
9047;29847;38894
7313;27351;34664
383;35997;36380
467;36657;37124
12892;22734;35626
3454;38699;42153
2552;30243;32795
9446;33466;42912
8792;16617;25409
11076;28630;39706
4347;28989;33336
8726;18515;27241
7141;20161;27302
11394;24321;35715
9333;20759;30092
4759;35873;40632
9102;28119;37221
3113;31386;34499
13126;21067;34193
5886;20094;25980
4467;32808;37275
12339;23197;35536
11578;26534;38112
7143;32677;39820
5845;39432;45277
7928;34178;42106
6797;38967;45764
5662;30796;36458
9446;35483;44929
4513;30717;35230
5702;29131;34833
3353;31972;35325
5715;33350;39065
10753;16639;27392
5115;32666;37781
4751;29206;33957
5533;27707;33240
12588;24473;37061
2864;20514;23378
11923;16951;28874
8108;37661;45769
3905;30153;34058
2806;30816;33622
8937;17469;26406
14898;20303;35201
3532;20998;24530
4937;27487;32424
9564;22123;31687
2841;27942;30783
13336;24899;38235
4857;32550;37407
9204;24927;34131
7641;39399;47040
2061;18532;20593
5549;29131;34680
8017;36452;44469
14794;23200;37994
9470;15644;25114
13156;32950;46106
13998;21025;35023
3377;25894;29271
2789;24463;27252
9813;23007;32820
3644;35163;38807
12552;17731;30283
3367;17930;21297
13227;39552;52779
12883;29729;42612
8360;15500;23860
1834;36074;37908
2621;25714;28335
13952;22577;36529
10649;34337;44986
950;30517;31467
11580;27633;39213
8214;32163;40377
10209;36835;47044
116;31538;31654
10421;21879;32300
13315;37697;51012
6030;32770;38800
14026;16963;30989
12050;30423;42473
8581;25192;33773
7639;15021;22660
774;26667;27441
8052;23452;31504
14440;16699;31139
7737;28457;36194
4188;37437;41625
6640;36066;42706
4968;17690;22658
9035;20454;29489
6627;38571;45198
14808;33977;48785
12242;38579;50821
12116;33915;46031
10646;32785;43431
14431;38853;53284
12658;17369;30027
10762;29917;40679
7598;17950;25548
11535;38603;50138
14029;38204;52233
8235;17631;25866
10259;29805;40064
7801;23328;31129
1029;18190;19219
5851;22890;28741
2439;22821;25260
13830;15453;29283
8101;33167;41268
1923;19143;21066
10528;19966;30494
6271;39005;45276
4974;23860;28834
3804;25297;29101
9799;28266;38065
8524;29651;38175
12908;15711;28619
1886;27628;29514
5484;25128;30612
13596;37402;50998
13954;37740;51694
11619;25546;37165
10818;39995;50813
5578;32909;38487
10617;35437;46054
3720;19467;23187
9573;27854;37427
14292;27052;41344
911;32390;33301
6355;20350;26705
947;18330;19277
2717;19565;22282
3036;32233;35269
8813;32025;40838
3187;33069;36256
14476;38441;52917
8502;21797;30299
11155;39488;50643
12150;24821;36971
5229;16782;22011
3744;23102;26846
13916;25709;39625
7089;27894;34983
6026;17876;23902
7233;33074;40307
3184;18329;21513
4754;19167;23921
11759;28417;40176
8516;32182;40698
2867;37954;40821
1052;19365;20417
13326;29068;42394
14376;15621;29997
3377;39530;42907
3253;31615;34868
13134;33637;46771
3202;24603;27805
5693;22257;27950
2735;35977;38712
6706;25441;32147
4464;30786;35250
3948;32766;36714
3205;19957;23162
7608;15956;23564
650;18049;18699
4957;28787;33744
7377;26009;33386
1398;38180;39578
2005;24026;26031
5166;19914;25080
2053;31537;33590
3134;39950;43084
10931;22645;33576
9717;29745;39462
8392;21480;29872
3060;28665;31725
10322;27654;37976
4868;32426;37294
7531;39351;46882
7277;16215;23492
6522;15027;21549
5797;39666;45463
9178;35302;44480
1559;25420;26979
2886;27280;30166
12370;21835;34205
8477;15529;24006
9598;33312;42910
619;38914;39533
10255;20810;31065
5433;27247;32680
7331;35402;42733
13082;15668;28750
13677;21341;35018
5;35172;35177
8254;32794;41048
3098;32922;36020
6661;16051;22712
7965;37350;45315
10390;18848;29238
7883;22186;30069
3508;26726;30234
7169;17448;24617
7042;21538;28580
164;22591;22755
207;30866;31073
11654;24467;36121
11560;20556;32116
4154;34564;38718
8084;18324;26408
14750;26457;41207
7689;21741;29430
353;29465;29818
9382;26680;36062
11596;32205;43801
6240;17784;24024
14951;35056;50007
303;17216;17519
2776;26487;29263
6310;19763;26073
2681;28814;31495
5941;26583;32524
2295;35520;37815
13250;38671;51921
7861;34648;42509
3951;38319;42270
5265;29581;34846
8336;23947;32283
12065;34576;46641
1685;15067;16752
7091;32445;39536
10735;29598;40333
10152;21244;31396
9541;33370;42911
5944;22352;28296
12030;24072;36102
3503;15133;18636
13114;23335;36449
13014;34607;47621
3854;37187;41041
9961;36758;46719
1606;22509;24115
6533;20072;26605
7586;31106;38692
9605;29686;39291
6049;23022;29071
11881;23154;35035
4214;26898;31112
10944;30910;41854
8400;33949;42349
4778;37656;42434
339;26804;27143
13142;26714;39856
9770;28260;38030
2561;35627;38188
816;38290;39106
9910;39138;49048
1561;32029;33590
6492;35189;41681
1665;35547;37212
10836;36050;46886
14656;19907;34563
9564;39339;48903
10699;36649;47348
12742;32549;45291
5192;36837;42029
9433;33875;43308
5851;38433;44284
7536;25967;33503
11428;15953;27381
3977;26898;30875
7282;36126;43408
2713;19279;21992
6138;34829;40967
13992;37150;51142
10754;16463;27217
1472;36652;38124
2453;24649;27102
10608;33669;44277
14995;39260;54255
13101;32813;45914
222;30203;30425
6469;26376;32845
7733;19107;26840
5017;22173;27190
12949;16826;29775
9704;33135;42839
14366;38296;52662
11204;23041;34245
4733;23421;28154
14111;26577;40688
12489;37666;50155
7756;19238;26994
506;19406;19912
333;22586;22919
10989;34115;45104
13799;15129;28928
4779;21979;26758
3096;37116;40212
12103;29957;42060
12677;23676;36353
14009;24618;38627
12303;37229;49532
1638;25388;27026
1003;24597;25600
9900;16136;26036
4643;18032;22675
12562;31879;44441
9568;33987;43555
3439;35019;38458
7391;15049;22440
13715;23105;36820
13146;38161;51307
11310;26718;38028
10544;37069;47613
6080;33218;39298
7267;27740;35007
8397;16407;24804
11670;17375;29045
7666;21679;29345
9430;30094;39524
11463;19609;31072
7526;24054;31580
3222;26194;29416
4472;27509;31981
10565;21976;32541
7956;37098;45054
1426;38716;40142
1339;35718;37057
11413;32636;44049
864;27193;28057
1388;36568;37956
2179;19430;21609
7363;33629;40992
11211;31001;42212
11383;29093;40476
14677;27406;42083
3073;38646;41719
11984;16003;27987
8193;37359;45552
972;16627;17599
12598;34905;47503
9302;39241;48543
9973;31884;41857
4132;21345;25477
393;18676;19069
7351;36986;44337
1099;21809;22908
233;34055;34288
6231;26644;32875
2898;15973;18871
10548;21555;32103
9577;29869;39446
9695;25452;35147
14110;32663;46773
3006;26290;29296
10216;16648;26864
14580;26176;40756
1140;29570;30710
14614;30448;45062
12323;22661;34984
11651;29201;40852
10168;30872;41040
13686;26403;40089
9120;25230;34350
86;20210;20296
12500;19920;32420
5328;20330;25658
7454;19837;27291
10639;39983;50622
4404;19258;23662
7092;37025;44117
12564;21298;33862
11429;36999;48428
1088;38270;39358
782;19018;19800
3062;33292;36354
824;27324;28148
8983;25156;34139
1554;16022;17576
12127;31622;43749
6704;18416;25120
14919;25086;40005
11840;35277;47117
9106;33897;43003
14241;35158;49399
8081;38341;46422
3561;19454;23015
14106;24784;38890
10807;24108;34915
10726;23158;33884
14315;24637;38952
2055;28204;30259
1788;19936;21724
7458;17706;25164
14506;18112;32618
12258;32626;44884
4536;28306;32842
5224;37140;42364
11257;33412;44669
5469;30959;36428
5782;36584;42366
10424;24701;35125
11672;36243;47915
2168;18565;20733
10823;29283;40106
7889;28317;36206
13935;30389;44324
10612;31140;41752
823;34544;35367
1111;26674;27785
11669;29285;40954
7708;22618;30326
3059;25404;28463
8035;27300;35335
227;25205;25432
6800;36428;43228
8810;28425;37235
13901;18969;32870
13098;24989;38087
6560;27925;34485
9991;30459;40450
12813;34085;46898
2922;27038;29960
6669;35832;42501
11883;23715;35598
647;28789;29436
6804;18266;25070
10286;32771;43057
10965;34091;45056
10151;19921;30072
10702;39131;49833
9187;35797;44984
9565;36120;45685
5810;33840;39650
11963;33818;45781
5070;28292;33362
7233;22099;29332
11300;38911;50211
3698;22866;26564
9977;29885;39862
8261;28356;36617
13271;22956;36227
13128;36672;49800
5165;21890;27055
9630;26629;36259
10800;18203;29003
10810;35721;46531
7444;24244;31688
8599;24427;33026
14137;16304;30441
2163;23797;25960
10508;18190;28698
7809;35744;43553
2968;18762;21730
14410;16874;31284
9906;28640;38546
11001;22483;33484
6472;29342;35814
13283;17768;31051
8515;16798;25313
5128;22756;27884
13907;26335;40242
12784;33801;46585
2780;24410;27190
10160;23584;33744
13887;23652;37539
7398;15630;23028
2047;25906;27953
9079;33057;42136
4718;21343;26061
8885;31197;40082
12947;30398;43345
8274;27012;35286
12654;21688;34342
1981;31959;33940
998;27954;28952
2858;28767;31625
2169;30337;32506
3871;38140;42011
796;21797;22593
8011;25502;33513
5613;18965;24578
12806;25529;38335
8963;36012;44975
9759;19392;29151
3119;22769;25888
1189;16583;17772
7173;28545;35718
3861;27165;31026
13165;17127;30292
11175;37380;48555
13113;29331;42444
11955;39839;51794
14468;20761;35229
10802;39416;50218
4631;38876;43507
3723;30008;33731
1042;30852;31894
5963;17795;23758
3087;38069;41156
10930;21836;32766
7538;18095;25633
1118;34523;35641
3418;15317;18735
3064;37478;40542
14686;39821;54507
10537;21947;32484
11099;38833;49932
7338;29267;36605
2673;29892;32565
8667;31330;39997
10676;36531;47207
1545;28811;30356
8835;38158;46993
1097;28439;29536
10392;31850;42242
10848;36526;47374
13816;23521;37337
11214;18557;29771
14765;16055;30820
6242;17557;23799
617;16066;16683
7545;30211;37756
4525;36672;41197
12994;27921;40915
10638;35731;46369
971;26559;27530
8902;20427;29329
49;34862;34911
13733;35841;49574
2544;29472;32016
5102;22915;28017
663;26747;27410
13814;24463;38277
1136;17229;18365
4732;35471;40203
76;29395;29471
8111;22484;30595
13073;25817;38890
2519;38823;41342
1178;34313;35491
1131;29008;30139
10757;35289;46046
5857;27618;33475
8866;25421;34287
2450;21273;23723
11999;31639;43638
10868;34731;45599
12980;21053;34033
14627;24602;39229
8163;39103;47266
2661;26256;28917
8158;30704;38862
2033;28313;30346
6645;33578;40223
14877;31541;46418
1839;31937;33776
8793;28297;37090
1036;34202;35238
7979;32510;40489
11865;32832;44697
1670;18362;20032
330;29098;29428
7415;20655;28070
8064;17477;25541
4008;32410;36418
6685;27707;34392
10111;36239;46350
8827;16241;25068
3569;24949;28518
4254;22109;26363
1798;17075;18873
5974;18594;24568
9202;16719;25921
2743;22382;25125
2378;21456;23834
9538;34028;43566
7768;23919;31687
13942;38561;52503
13263;21115;34378
7370;32361;39731
5086;35548;40634
12443;23382;35825
8482;23276;31758
6628;15378;22006
11118;18008;29126
4603;36670;41273
13147;32748;45895
13064;33833;46897
9121;19831;28952
3707;30060;33767
6697;36902;43599
861;38134;38995
11865;22577;34442
8492;21294;29786
12846;39492;52338
3930;23642;27572
4492;21551;26043
5960;36250;42210
11794;37973;49767
7914;27883;35797
6322;30984;37306
4315;36248;40563
11284;23423;34707
6141;24255;30396
250;23050;23300
5026;21712;26738
4001;23689;27690
8060;24998;33058
547;39868;40415
3388;28986;32374
9056;28806;37862
14748;26553;41301
11314;31871;43185
8157;30787;38944
14819;25798;40617
739;35487;36226
1169;34059;35228
10279;15635;25914
9224;29997;39221
2700;20005;22705
11415;16554;27969
661;17983;18644
2327;16269;18596
7955;28159;36114
3208;38011;41219
10253;35678;45931
6951;16542;23493
16;33835;33851
10089;21085;31174
6493;37586;44079
8085;21967;30052
5074;37294;42368
9255;19969;29224
2226;26326;28552
6628;36842;43470
13949;36361;50310
5137;39724;44861
14500;37040;51540
5033;31618;36651
12895;19331;32226
353;15604;15957
973;31244;32217
1663;17116;18779
11339;27843;39182
13203;17761;30964
14333;32314;46647
1127;36327;37454
5249;31697;36946
13401;22542;35943
2883;17983;20866
5908;31748;37656
11511;28426;39937
8888;21267;30155
13656;19218;32874
8129;19419;27548
11641;27082;38723
12883;17745;30628
8099;34245;42344
14818;34484;49302
6519;27667;34186
5880;34885;40765
6939;22451;29390
11541;23401;34942
14805;26149;40954
7268;30198;37466
12317;23214;35531
13429;27260;40689
11499;28760;40259
770;33371;34141
9507;26294;35801
430;34497;34927
13651;33062;46713
4853;25376;30229
13331;23697;37028
9171;15858;25029
5832;24112;29944
12197;35984;48181
12181;34049;46230
2861;20327;23188
11117;18270;29387
2719;15121;17840
6227;34926;41153
2576;27373;29949
6842;22586;29428
11707;17810;29517
8111;20890;29001
338;18619;18957
10567;27067;37634
4561;35780;40341
12230;23864;36094
5231;18894;24125
6205;17113;23318
10362;37228;47590
4126;19858;23984
10438;31414;41852
14420;31104;45524
11079;19096;30175
11140;29293;40433
14817;17028;31845
8190;35092;43282
13062;24614;37676
577;37320;37897
10279;24643;34922
13249;23853;37102
7360;28298;35658
357;24191;24548
2383;29308;31691
13226;31373;44599
1934;36901;38835
13125;19311;32436
11530;34980;46510
14742;26308;41050
3722;27244;30966
11663;24069;35732
10422;27388;37810
2767;35228;37995
1661;19269;20930
6701;39650;46351
14244;32226;46470
1963;23179;25142
11735;26303;38038
14152;27201;41353
12066;38289;50355
3954;26569;30523
11146;38647;49793
6520;19526;26046
5061;32754;37815
421;38500;38921
11150;39961;51111
3823;31107;34930
2830;25888;28718
6137;22779;28916
8958;26119;35077
1724;26692;28416
6825;36865;43690
203;21202;21405
11792;36172;47964
12813;32641;45454
7142;19854;26996
14371;28234;42605
6801;18733;25534
3536;37545;41081
9738;34329;44067
9960;18017;27977
12238;20498;32736
921;23915;24836
6555;18666;25221
308;28010;28318
11452;38676;50128
4154;29365;33519
8089;17135;25224
8689;32209;40898
8295;15683;23978
1291;32981;34272
12161;33321;45482
2401;21162;23563
11962;36694;48656
14963;26133;41096
11717;29828;41545
8611;33381;41992
12023;39342;51365
10646;31516;42162
11594;34742;46336
12123;37356;49479
3859;17101;20960
9781;38101;47882
6894;35742;42636
14241;19448;33689
7691;20558;28249
9780;39001;48781
8003;20204;28207
5711;15184;20895
3671;26377;30048
1916;23776;25692
203;26692;26895
1089;25701;26790
1873;33220;35093
6387;32776;39163
6734;37264;43998
14911;34215;49126
5422;30646;36068
5861;35750;41611
14924;25831;40755
14230;16345;30575
1698;37119;38817
14170;28256;42426
7034;35293;42327
4786;27795;32581
10377;39421;49798
8927;39642;48569
2098;15085;17183
216;25332;25548
8090;32072;40162
12017;30007;42024
283;36446;36729
7456;15192;22648
6066;30984;37050
13655;29770;43425
10399;35958;46357
1715;18670;20385
6280;24393;30673
12689;34208;46897
9378;17395;26773
6881;26529;33410
6160;28487;34647
271;18671;18942
9398;34111;43509
754;39411;40165
1023;37763;38786
7884;20926;28810
9607;15449;25056
3260;19764;23024
10824;27815;38639
3906;19971;23877
9719;27728;37447
5400;36362;41762
718;15840;16558
14215;27715;41930
9852;30749;40601
8435;21287;29722
7980;26310;34290
8380;37395;45775
13960;15708;29668
5705;30098;35803
13053;21925;34978
3776;31708;35484
8894;18307;27201
4886;34604;39490
12046;20847;32893
7701;37755;45456
5234;39353;44587
14869;28885;43754
9322;17969;27291
11740;17873;29613
8176;18199;26375
5145;37160;42305
1313;25524;26837
4365;18772;23137
10400;38509;48909
9175;31374;40549
10084;29122;39206
6098;39142;45240
1219;39806;41025
13054;15665;28719
904;20992;21896
1228;33445;34673
3614;32549;36163
2326;22643;24969
1208;30719;31927
12335;27138;39473
3332;33360;36692
13509;15987;29496
8604;25991;34595
11472;16902;28374
3489;23155;26644
930;30446;31376
9486;15135;24621
9241;39792;49033
9797;28703;38500
10660;32131;42791
3201;15977;19178
4230;19211;23441
13721;26036;39757
14102;25666;39768
10335;25636;35971
10335;27918;38253
7453;20565;28018
3242;31001;34243
8100;24298;32398
428;20123;20551
11289;19686;30975
7741;32627;40368
61;16221;16282
8727;37864;46591
13826;26887;40713
7183;33421;40604
13150;31511;44661
2289;39449;41738
716;21936;22652
11961;35786;47747
13881;28005;41886
6841;18192;25033
13743;19785;33528
788;25992;26780
10337;29116;39453
4560;20683;25243
9907;20360;30267
10010;15301;25311
6534;29295;35829
558;19278;19836
3356;20884;24240
1910;24731;26641
11350;25863;37213
7249;27295;34544
12850;17182;30032
9157;30202;39359
13371;22634;36005
10780;23370;34150
2251;30888;33139
12711;25455;38166
6016;17556;23572
6423;20107;26530
13616;17987;31603
8619;22733;31352
14367;31101;45468
14283;22646;36929
10132;34023;44155
3701;38296;41997
8005;35783;43788
11214;31817;43031
11100;19264;30364
9225;32786;42011
3093;27604;30697
14151;39320;53471
14239;16565;30804
13652;38639;52291
7407;29811;37218
4505;39673;44178
8354;28979;37333
12048;20723;32771
8231;17935;26166
14802;15409;30211
962;18220;19182
303;20531;20834
4417;16900;21317
6599;19019;25618
3885;17101;20986
4090;30017;34107
12517;33074;45591
12608;28464;41072
3454;28826;32280
11739;38422;50161
4276;16661;20937
9385;33606;42991
3948;30031;33979
8662;24629;33291
7933;36962;44895
8808;37112;45920
8835;35951;44786
13037;31107;44144
7716;33128;40844
11470;34061;45531
9439;19366;28805
13377;36012;49389
8772;26823;35595
10113;21736;31849
5408;19126;24534
9245;25329;34574
14781;33978;48759
12960;28668;41628
9197;35778;44975
8367;15543;23910
2374;20968;23342
10119;27031;37150
1783;31791;33574
409;22085;22494
12988;17667;30655
9052;28370;37422
11755;29338;41093
6878;29271;36149
49;16048;16097
12702;39312;52014
12255;25483;37738
5712;16702;22414
2907;17481;20388
14427;33835;48262
7042;23525;30567
4307;38997;43304
3004;34794;37798
537;22014;22551
10954;25464;36418
10534;25327;35861
13514;18303;31817
6411;31421;37832
14458;18943;33401
12197;16872;29069
9848;31454;41302
4997;39362;44359
3573;20637;24210
11560;36750;48310
5998;33552;39550
10041;18050;28091
2991;31099;34090
10315;18824;29139
1317;34378;35695
4759;39595;44354
1629;16356;17985
5603;20878;26481
13990;21362;35352
12604;34557;47161
5329;17846;23175
9448;31583;41031
5580;29344;34924
6420;24113;30533
6156;17730;23886
5216;30411;35627
12239;17169;29408
5073;20350;25423
10655;38236;48891
9011;19330;28341
13356;28102;41458
6098;27874;33972
12589;36299;48888
14783;29361;44144
8203;17849;26052
10152;17939;28091
11462;29265;40727
14031;18774;32805
3787;23402;27189
7579;24597;32176
1459;30162;31621
14627;35963;50590
9983;35689;45672
7678;19202;26880
3262;33243;36505
14358;29926;44284
6136;39097;45233
7927;26356;34283
4689;30773;35462
11463;24963;36426
3365;31972;35337
2894;34219;37113
13527;29187;42714
1796;20807;22603
2977;37193;40170
14911;21966;36877
13195;17691;30886
13785;31601;45386
14620;36559;51179
1961;34540;36501
8909;24277;33186
11723;34612;46335
1137;24834;25971
11475;20314;31789
13239;28439;41678
3210;30348;33558
13193;17314;30507
7492;36382;43874
8914;32710;41624
9856;15719;25575
7000;36555;43555
5098;21385;26483
3024;29195;32219
6903;17320;24223
11534;32823;44357
8890;39647;48537
11790;22564;34354
8519;36540;45059
14376;36379;50755
9936;32112;42048
3446;27693;31139
7018;35195;42213
13218;28893;42111
1853;33071;34924
9841;18495;28336
14589;35011;49600
2538;22406;24944
14018;15408;29426
10277;35669;45946
14554;23200;37754
524;20607;21131
9782;25256;35038
612;29437;30049
14050;36617;50667
828;21895;22723
6801;33571;40372
11652;32619;44271
2188;35280;37468
12241;32717;44958
7038;19736;26774
9925;30597;40522
14327;35582;49909
6858;38467;45325
12965;16444;29409
4651;31945;36596
4101;22627;26728
10846;18736;29582
4369;19885;24254
358;36917;37275
9612;17429;27041
8736;35277;44013
10911;34165;45076
5158;17335;22493
14044;19445;33489
1771;21119;22890
8084;29419;37503
2373;15470;17843
14393;20234;34627
1552;15189;16741
9719;33070;42789
14480;28169;42649
4762;26742;31504
11417;27415;38832
8506;26198;34704
12936;34757;47693
540;33211;33751
14132;28503;42635
4038;33897;37935
5912;38743;44655
411;33000;33411
1000;24140;25140
3516;27013;30529
13871;19840;33711
13958;21132;35090
9825;22035;31860
1977;24451;26428
14381;15199;29580
14875;30699;45574
8677;30464;39141
14368;36187;50555
13846;19793;33639
632;30210;30842
12803;35182;47985
6516;37853;44369
12643;35606;48249
2926;39254;42180
999;28421;29420
4647;32129;36776
9956;21131;31087
14878;20656;35534
14329;29149;43478
5343;21550;26893
3442;16130;19572
8952;16228;25180
6;38244;38250
7071;27490;34561
9017;38577;47594
2734;38891;41625
4610;39308;43918
5803;38963;44766
6909;38724;45633
585;37368;37953
3037;37245;40282
12223;16628;28851
4781;25033;29814
14129;15265;29394
11273;15486;26759
8853;33355;42208
3166;25383;28549
2506;25912;28418
1098;38790;39888
2817;24923;27740
1012;17367;18379
14430;31133;45563
6205;25380;31585
7330;18187;25517
6459;25784;32243
10972;39938;50910
439;18937;19376
7361;27839;35200
10085;26013;36098
624;38309;38933
7985;32944;40929
1506;37747;39253
7659;25482;33141
5404;28795;34199
7419;27896;35315
10997;34751;45748
2101;37537;39638
9173;33686;42859
3075;28087;31162
4685;16484;21169
4895;29730;34625
422;23174;23596
10388;22864;33252
9826;21668;31494
4027;17814;21841
1135;17352;18487
5381;39228;44609
10149;28755;38904
2746;35722;38468
4677;28671;33348
10098;16876;26974
13658;15738;29396
7618;21595;29213
13341;16537;29878
6697;23533;30230
13776;17911;31687
12314;27986;40300
12874;17329;30203
5796;33535;39331
4200;17259;21459
14013;19981;33994
14568;31657;46225
6002;25800;31802
4359;24369;28728
10797;18347;29144
14582;31378;45960
14168;18203;32371
10821;24045;34866
13354;18657;32011
8233;15897;24130
11064;31541;42605
8400;32098;40498
10338;27153;37491
6589;31731;38320
2393;24847;27240
12817;37178;49995
6260;15060;21320
12773;25009;37782
2196;28459;30655
105;32514;32619
1203;27525;28728
11514;38322;49836
990;25183;26173
12717;26312;39029
6055;32286;38341
10322;22783;33105
9727;26310;36037
10726;16792;27518
3604;26974;30578
8823;15845;24668
14500;36291;50791
1317;27658;28975
2989;16801;19790
704;34630;35334
7852;26164;34016
2922;26532;29454
5793;30655;36448
4427;33357;37784
6481;31810;38291
2645;17055;19700
12560;17020;29580
14458;22951;37409
10449;33225;43674
3370;23742;27112
2165;17408;19573
14780;19816;34596
13613;39800;53413
12116;30596;42712
1266;27038;28304
14550;26653;41203
8235;26711;34946
552;15773;16325
1680;21976;23656
7146;19085;26231
14711;22330;37041
8153;38945;47098
12140;28880;41020
2792;35348;38140
5328;21868;27196
7178;19352;26530
7930;28213;36143
4296;16498;20794
4867;18184;23051
3142;19005;22147
4328;39273;43601
2420;35204;37624
12809;33898;46707
1873;15828;17701
3299;36742;40041
8656;33383;42039
10104;28368;38472
5627;29431;35058
2687;27600;30287
12339;36663;49002
14436;17429;31865
8538;37907;46445
7877;20761;28638
13963;36368;50331
14172;33376;47548
12723;35146;47869
12720;24090;36810
5968;23112;29080
7187;27564;34751
2968;32660;35628
14475;33934;48409
7340;25402;32742
2037;33465;35502
5009;21816;26825
4728;21899;26627
7470;37555;45025
9532;29416;38948
5158;38668;43826
10604;31828;42432
4689;39529;44218
625;38200;38825
5458;17872;23330
13116;15470;28586
2042;23058;25100
14372;35159;49531
6624;32030;38654
2957;16585;19542
12176;27897;40073
8764;17692;26456
13810;27543;41353
14726;32089;46815
4501;30007;34508
7529;20585;28114
12995;34815;47810
11646;24449;36095
5734;34295;40029
4226;17194;21420
1317;30213;31530
3338;16396;19734
1752;33170;34922
915;24965;25880
10335;15041;25376
5316;29328;34644
14669;20795;35464
2607;26050;28657
873;29308;30181
10374;17880;28254
13992;32594;46586
10324;22893;33217
5685;33426;39111
8117;30641;38758
2010;17891;19901
984;27560;28544
14070;32829;46899
9839;28315;38154
9734;38015;47749
10384;19358;29742
4761;20572;25333
2561;38510;41071
12747;24622;37369
10149;28190;38339
8753;22177;30930
10153;26112;36265
7876;39044;46920
13672;25839;39511
454;24037;24491
6280;25102;31382
14642;16707;31349
13710;18968;32678
1574;34599;36173
3492;28187;31679
14150;26532;40682
2032;26769;28801
2340;36070;38410
12424;22057;34481
6159;31119;37278
12680;29788;42468
4194;37529;41723
11927;24071;35998
2347;16922;19269
6098;17954;24052
7262;30622;37884
9517;29139;38656
9086;38152;47238
4573;18744;23317
6831;37467;44298
11981;17564;29545
9205;18029;27234
2717;24491;27208
12540;28111;40651
8556;30737;39293
13422;30611;44033
13255;31947;45202
3819;20893;24712
7187;27953;35140
10428;20623;31051
4723;15942;20665
6125;36736;42861
12916;16209;29125
1314;35630;36944
14768;20263;35031
2084;23034;25118
12473;29862;42335
8967;17821;26788
8299;36493;44792
7751;38933;46684
9751;25091;34842
1344;23944;25288
2080;27015;29095
11097;15394;26491
3187;37423;40610
10572;32031;42603
7649;27373;35022
13754;22443;36197
14849;21544;36393
4921;35065;39986
2433;24915;27348
5065;24233;29298
1532;29069;30601
7343;33827;41170
3868;37690;41558
2488;18534;21022
6351;38358;44709
733;24376;25109
8764;37524;46288
8135;18416;26551
1477;23423;24900
8725;21404;30129
10779;22928;33707
9281;38527;47808
6704;30190;36894
7450;39694;47144
10832;29467;40299
12272;30469;42741
10157;30691;40848
2893;36128;39021
10848;38371;49219
6566;23522;30088
14914;38776;53690
7170;25091;32261
14350;18402;32752
11623;26019;37642
12388;33331;45719
9959;36225;46184
6673;32934;39607
3571;17753;21324
541;35896;36437
10926;23717;34643
12510;35494;48004
7331;18602;25933
10240;31075;41315
2487;38945;41432
13663;15411;29074
1805;31266;33071
1390;34911;36301
9048;33886;42934
10880;31320;42200
2434;26069;28503
4447;35954;40401
13807;23177;36984
10424;26755;37179
13829;17497;31326
6678;15909;22587
5206;34127;39333
12367;22931;35298
9855;16324;26179
5709;21566;27275
11808;29163;40971
8537;32954;41491
11583;19261;30844
26;39301;39327
1085;19074;20159
12732;35749;48481
14645;38297;52942
9481;19406;28887
7055;17891;24946
7265;25204;32469
5732;19796;25528
7936;39830;47766
9115;19203;28318
7344;22502;29846
13529;28067;41596
13029;34026;47055
3328;32041;35369
11136;38047;49183
12968;36524;49492
4038;22429;26467
557;15227;15784
12510;28460;40970
6053;20752;26805
13047;16086;29133
9701;18985;28686
5526;30471;35997
10444;20405;30849
12274;17747;30021
13898;25339;39237
6796;18696;25492
5096;38983;44079
12147;36890;49037
9821;31493;41314
10106;39576;49682
5578;35008;40586
12656;28592;41248
12682;38140;50822
14819;27173;41992
9612;36776;46388
3855;37688;41543
4366;30768;35134
617;38146;38763
10981;15276;26257
11088;30455;41543
2402;32205;34607
12633;38029;50662
13140;35211;48351
5067;24148;29215
7297;38324;45621
14994;17958;32952
3054;23441;26495
11212;26786;37998
1938;31644;33582
10169;29510;39679
10476;17245;27721
994;21504;22498
1648;37944;39592
5863;15007;20870
12879;26643;39522
3773;16733;20506
10061;24403;34464
8536;20029;28565
1026;27451;28477
4415;29587;34002
5270;23035;28305
13920;28877;42797
10570;15527;26097
8462;26122;34584
11439;29542;40981
9539;17035;26574
8354;26317;34671
139;35860;35999
10741;17292;28033
9843;20810;30653
9134;34391;43525
10908;32535;43443
13898;17714;31612
8297;23858;32155
12585;16609;29194
12073;18060;30133
13983;34246;48229
3702;37879;41581
13874;21631;35505
14914;33919;48833
3452;17065;20517
83;36788;36871
3993;37521;41514
307;33844;34151
114;16397;16511
5183;23666;28849
12633;27820;40453
12184;38452;50636
6603;21436;28039
2590;19365;21955
12212;38671;50883
11116;38644;49760
11540;32098;43638
3317;20896;24213
471;15310;15781
7854;15047;22901
12288;28138;40426
7407;28044;35451
10367;18235;28602
5038;26303;31341
8606;37179;45785
13779;18285;32064
7795;20233;28028
12102;17369;29471
11455;30305;41760
13236;23154;36390
2166;21666;23832
6127;24148;30275
4758;21370;26128
3759;20748;24507
14568;15461;30029
6441;31714;38155
13237;33998;47235
379;17583;17962
12233;23210;35443
4255;38537;42792
6445;33899;40344
6310;17023;23333
4201;31415;35616
8193;17427;25620
12002;24751;36753
13162;22561;35723
1143;20869;22012
1573;38462;40035
6059;21622;27681
12273;32632;44905
3578;20889;24467
7242;29728;36970
10123;27216;37339
9092;23462;32554
7613;30160;37773
12701;23831;36532
9075;17972;27047
14128;31305;45433
7313;18409;25722
6700;37736;44436
288;31324;31612
3807;21146;24953
1174;38977;40151
11577;36683;48260
559;32950;33509
6647;28490;35137
5272;35998;41270
14041;19193;33234
1948;27069;29017
8159;39157;47316
1899;32770;34669
13343;39981;53324
2055;34780;36835
1986;22478;24464
4813;16318;21131
8552;36901;45453
9287;22293;31580
75;23132;23207
1929;35662;37591
3635;31334;34969
14440;21555;35995
306;35012;35318
3279;39474;42753
8339;35097;43436
9307;21053;30360
12287;25268;37555
11682;18065;29747
12885;24711;37596
12451;38225;50676
10451;38498;48949
320;16470;16790
2893;25745;28638
4802;31042;35844
12002;30533;42535
3630;16358;19988
12295;35075;47370
830;30487;31317
11189;30579;41768
7025;18393;25418
14005;27923;41928
1138;37766;38904
7547;19840;27387
7826;39141;46967
12280;25924;38204
11315;27493;38808
775;35934;36709
13;27024;27037
8289;30209;38498
2770;33949;36719
14449;22667;37116
8824;23657;32481
414;24505;24919
1462;15052;16514
666;24102;24768
389;16006;16395
6269;22751;29020
12141;28469;40610
2225;21924;24149
5578;31282;36860
3;39321;39324
10090;30009;40099
13326;33100;46426
9613;33718;43331
10300;27164;37464
1511;21021;22532
2295;30696;32991
6378;25573;31951
1715;31622;33337
10089;16997;27086
11589;37331;48920
13827;33670;47497
7442;27084;34526
5564;33287;38851
6365;15251;21616
14122;26994;41116
10650;33365;44015
7521;29012;36533
7841;15478;23319
14848;25009;39857
1994;36242;38236
1471;36019;37490
13249;25131;38380
13068;39100;52168
1622;17866;19488
4276;31980;36256
10465;26064;36529
12058;28278;40336
4163;21149;25312
12802;19990;32792
5296;22386;27682
4381;29609;33990
12263;31685;43948
14521;19771;34292
13990;26924;40914
13959;36576;50535
7096;15437;22533
9227;24605;33832
5843;22173;28016
6149;29382;35531
11711;20731;32442
7384;18507;25891
1864;28714;30578
5206;15881;21087
3499;31704;35203
8780;27695;36475
4388;32632;37020
6640;16938;23578
13030;38491;51521
7161;36146;43307
11751;22668;34419
2512;23967;26479
7212;16538;23750
12670;29503;42173
5913;19604;25517
7692;38302;45994
9327;26546;35873
5791;38087;43878
5199;22050;27249
12009;19785;31794
2698;36723;39421
5418;25957;31375
4327;33640;37967
12793;15500;28293
714;16904;17618
10908;15994;26902
6748;37806;44554
10740;17383;28123
13910;25036;38946
11286;26021;37307
11462;35513;46975
8477;21361;29838
4299;29868;34167
343;24660;25003
3205;37494;40699
9926;36211;46137
6716;28275;34991
7850;28208;36058
424;18641;19065
4016;32218;36234
179;31029;31208
13800;39349;53149
1232;36012;37244
14647;19144;33791
3565;34760;38325
12279;26466;38745
12579;15580;28159
677;18313;18990
8492;23876;32368
4325;25435;29760
7325;37847;45172
9872;22772;32644
1910;24221;26131
12811;17726;30537
7444;15166;22610
11135;30215;41350
2916;22743;25659
5935;29173;35108
11627;30479;42106
8413;19355;27768
10517;16502;27019
12072;17050;29122
7409;25039;32448
12145;38209;50354
5131;18337;23468
3172;32081;35253
3669;19176;22845
9006;19286;28292
9973;27672;37645
9826;22541;32367
11478;30349;41827
8102;20647;28749
4284;35540;39824
8929;34665;43594
8674;27503;36177
13525;29988;43513
3133;16402;19535
11525;36132;47657
13017;35247;48264
8912;21094;30006
1785;31437;33222
14326;34171;48497
11351;16243;27594
4415;29734;34149
4237;39654;43891
10482;24542;35024
832;26338;27170
8738;31524;40262
11742;18401;30143
6995;24275;31270
3674;19424;23098
6882;29258;36140
4247;23697;27944
8322;39411;47733
565;21033;21598
14573;25071;39644
8561;32810;41371
7452;32069;39521
9023;26822;35845
8742;32243;40985
5752;34500;40252
13239;16442;29681
6848;35153;42001
2981;16166;19147
937;26673;27610
7060;29522;36582
3836;16016;19852
1774;28702;30476
10614;28076;38690
2198;16115;18313
2888;18168;21056
8890;26951;35841
506;23330;23836
14303;17331;31634
2738;31151;33889
6654;18411;25065
2516;33846;36362
14836;24672;39508
7404;39126;46530
2595;39441;42036
14785;39157;53942
14364;28689;43053
12822;25916;38738
10379;18938;29317
11676;35302;46978
8339;17326;25665
15;16999;17014
2194;25583;27777
14184;38397;52581
1879;29552;31431
3052;35809;38861
6171;19147;25318
10396;33571;43967
8253;36465;44718
9853;26675;36528
13730;15542;29272
1557;23133;24690
6121;19598;25719
8989;34216;43205
6832;18481;25313
11492;15270;26762
11682;27058;38740
8893;15338;24231
10897;37337;48234
11522;17433;28955
13710;22459;36169
7622;34381;42003
6044;24885;30929
9825;24990;34815
8913;38322;47235
12926;33022;45948
6691;21256;27947
5131;26018;31149
2842;28011;30853
336;34714;35050
11312;39202;50514
14320;34188;48508
8557;34626;43183
5664;21534;27198
14209;35099;49308
12790;24837;37627
7066;21547;28613
1592;31558;33150
1264;28069;29333
13440;22425;35865
634;29740;30374
2874;18339;21213
10668;38672;49340
10375;36067;46442
2090;33731;35821
13613;23228;36841
11495;37332;48827
8094;31743;39837
1307;32462;33769
3948;29407;33355
11414;26205;37619
4309;23382;27691
2562;27315;29877
3992;24443;28435
6208;33062;39270
11796;27735;39531
11404;28653;40057
2901;35672;38573
12045;30792;42837
1512;23385;24897
7855;29926;37781
3972;28306;32278
2001;20825;22826
5377;24031;29408
5706;31558;37264
3943;31723;35666
9186;30913;40099
10848;32476;43324
4508;34879;39387
3724;23590;27314
8001;25425;33426
3551;27526;31077
8466;21814;30280
6305;35150;41455
10455;26610;37065
4680;29663;34343
91;31405;31496
3418;21496;24914
8410;22317;30727
4242;17106;21348
13272;20878;34150
6877;25305;32182
14401;20994;35395
5563;32520;38083
14878;33515;48393
10605;39389;49994
4687;28299;32986
2903;20468;23371
3579;18210;21789
8205;31536;39741
13296;30399;43695
1696;18359;20055
13269;23396;36665
10217;30046;40263
12161;21186;33347
9501;27907;37408
11009;36566;47575
12494;20309;32803
14409;31049;45458
1808;28366;30174
11586;22878;34464
6001;27334;33335
129;37535;37664
5458;22875;28333
10460;27694;38154
2936;25880;28816
2452;38296;40748
9726;36360;46086
1657;26850;28507
6948;18611;25559
5376;15599;20975
4137;22929;27066
12710;23996;36706
1051;22341;23392
2123;35661;37784
14176;29515;43691
2787;24225;27012
7639;20454;28093
12854;35948;48802
4830;15384;20214
3545;22516;26061
7931;29954;37885
1274;38702;39976
12411;22518;34929
5236;29677;34913
5259;29500;34759
10501;29100;39601
11850;16284;28134
9928;16898;26826
6522;17315;23837
8890;29190;38080
2089;32186;34275
3752;36200;39952
7813;20141;27954
6885;22868;29753
2832;19496;22328
11224;34912;46136
9713;34687;44400
4124;19691;23815
547;32270;32817
7290;25628;32918
13697;24608;38305
14907;19815;34722
5077;17612;22689
13305;19481;32786
2944;18458;21402
9335;16446;25781
2269;15811;18080
6565;28472;35037
10151;25157;35308
2950;27932;30882
13260;34267;47527
14971;33661;48632
7058;29945;37003
11269;25873;37142
1494;29509;31003
4643;20045;24688
2694;21882;24576
4962;34609;39571
1679;21410;23089
1223;27822;29045
9952;32562;42514
3155;36073;39228
7173;33330;40503
12296;19298;31594
13682;15929;29611
10161;20552;30713
10378;38420;48798
1494;20685;22179
9978;17871;27849
2228;36034;38262
5374;37134;42508
7013;27673;34686
13471;27892;41363
10338;33816;44154
6134;36137;42271
12047;33241;45288
7380;36289;43669
5459;15683;21142
14848;39254;54102
4241;26776;31017
4740;30922;35662
13934;15540;29474
5059;15071;20130
5759;25008;30767
7673;22348;30021
5130;17913;23043
12979;39634;52613
11134;36484;47618
849;36348;37197
6583;39675;46258
11829;27924;39753
3620;31035;34655
7301;32026;39327
8859;17245;26104
5280;25117;30397
9725;39722;49447
4721;25146;29867
1247;16265;17512
9153;37235;46388
7248;31024;38272
25;16471;16496
422;16791;17213
9077;37854;46931
5594;32978;38572
10629;29857;40486
8895;22871;31766
9023;39334;48357
9934;32202;42136
8458;37788;46246
7509;39116;46625
3737;35545;39282
8810;35667;44477
8723;23362;32085
13560;35009;48569
4268;35036;39304
1533;27901;29434
4821;24375;29196
5727;15979;21706
1245;25553;26798
11079;27386;38465
1110;36628;37738
7738;27552;35290
12756;35521;48277
11266;35664;46930
158;26397;26555
3888;26407;30295
7207;27194;34401
14191;26999;41190
8872;32134;41006
1206;18384;19590
3562;30689;34251
10393;24452;34845
532;24497;25029
13104;28507;41611
507;29121;29628
4864;16148;21012
7969;29160;37129
6866;15470;22336
144;20378;20522
8079;15847;23926
12532;15209;27741
2549;28027;30576
1354;26415;27769
4933;31792;36725
11517;22245;33762
2594;38455;41049
9065;39229;48294
9371;15396;24767
8238;33500;41738
2169;23738;25907
9947;24167;34114
13986;32549;46535
6342;35773;42115
6170;35865;42035
1;22196;22197
10578;36225;46803
10741;20475;31216
8578;22379;30957
14350;35588;49938
8895;25502;34397
5266;34680;39946
14631;39554;54185
5984;36057;42041
1239;37332;38571
12417;34872;47289
9580;34566;44146
11065;31758;42823
8740;34010;42750
290;38673;38963
10200;20805;31005
2512;26176;28688
10512;22412;32924
1658;21931;23589
1067;29678;30745
1920;36877;38797
12433;16414;28847
9962;20647;30609
601;26716;27317
10531;23658;34189
6862;31419;38281
49;28773;28822
4595;25256;29851
4918;37808;42726
459;24429;24888
4572;21041;25613
3744;18695;22439
8978;32294;41272
1735;22384;24119
7476;20606;28082
2574;28693;31267
5998;18860;24858
9606;18356;27962
2323;27953;30276
9647;35393;45040
3876;34922;38798
9915;38090;48005
1575;27338;28913
2003;17826;19829
6240;16469;22709
5574;18484;24058
4423;23021;27444
8577;16606;25183
14176;29337;43513
11769;37439;49208
8813;23654;32467
5672;34694;40366
4841;29538;34379
5010;28114;33124
9804;18325;28129
4845;29149;33994
12425;35175;47600
10748;20423;31171
3384;27292;30676
1286;23288;24574
6797;16822;23619
5495;33988;39483
366;38086;38452
20;35884;35904
9384;20749;30133
467;32058;32525
11789;34129;45918
10455;17491;27946
11067;15120;26187
14741;23924;38665
1128;33614;34742
4585;34321;38906
2018;26480;28498
10159;33589;43748
12353;32085;44438
12120;23906;36026
1001;788;1789
788;1001;1789
